# PIMCID: 70e3a439-024d-4062-bf5b-0640e6b539fb
#    Number Bins
           68797
           68841
           62125
           69056
           68717
           68791
           67580
           66598
           68913
           68580
           68970
           17322
           68675
           69089
           36979
           68901
           68780
           68956
           68958
           68896
           68811
           68919
           68776
           68943
           68977
           69032
           68710
           68747
           68966
           68689
           68488
           68828
           68723
           68784
           66443
           39283
           49156
           68563
           68563
           68739
           67884
           68777
           68226
           68536
           68322
           66905
           23084
