# PIMCID: da03fbc4-8ec4-4b18-8380-d712af500267
#    Number Bins
           67665
           55725
           38841
           21198
           46017
           46179
           31868
           46180
           57368
           36777
           41547
           26307
           39017
           29017
           35223
           39166
           38587
            8649
           25172
           15608
            9043
           31889
           67673
           17588
           34290
           18112
           40462
           45779
           51433
           17141
           30909
           30946
           32292
           59157
           62455
           19886
           18783
           39965
           45907
           49314
            2884
           58179
           33333
           33333
           57905
           38716
           33758
           37316
