# PIMCID: 2837db30-7e69-4934-be99-7ae85e7a13b3
#              K               V               E            E_mu             K/N             V/N             E/N               N             N^2         density
  9.24362746E+02 -2.74555610E+03 -1.82119335E+03 -1.60519335E+03  3.08120915E+01 -9.15185366E+01 -6.07064451E+01  3.00000000E+01  9.00000000E+02  3.11813766E-02
  9.24222134E+02 -2.74585693E+03 -1.82163479E+03 -1.60563479E+03  3.08074045E+01 -9.15285642E+01 -6.07211597E+01  3.00000000E+01  9.00000000E+02  3.11813766E-02
  9.24757361E+02 -2.74554778E+03 -1.82079042E+03 -1.60479042E+03  3.08252454E+01 -9.15182593E+01 -6.06930139E+01  3.00000000E+01  9.00000000E+02  3.11813766E-02
  9.24151246E+02 -2.74584851E+03 -1.82169727E+03 -1.60569727E+03  3.08050415E+01 -9.15282838E+01 -6.07232423E+01  3.00000000E+01  9.00000000E+02  3.11813766E-02
  9.24237128E+02 -2.74578082E+03 -1.82154369E+03 -1.60554369E+03  3.08079043E+01 -9.15260273E+01 -6.07181231E+01  3.00000000E+01  9.00000000E+02  3.11813766E-02
  9.21422539E+02 -2.74573909E+03 -1.82431655E+03 -1.60831655E+03  3.07140846E+01 -9.15246363E+01 -6.08105516E+01  3.00000000E+01  9.00000000E+02  3.11813766E-02
  9.23973621E+02 -2.74589868E+03 -1.82192506E+03 -1.60592506E+03  3.07991207E+01 -9.15299561E+01 -6.07308354E+01  3.00000000E+01  9.00000000E+02  3.11813766E-02
  9.24261324E+02 -2.74594202E+03 -1.82168069E+03 -1.60568069E+03  3.08087108E+01 -9.15314006E+01 -6.07226898E+01  3.00000000E+01  9.00000000E+02  3.11813766E-02
  9.24631256E+02 -2.74579756E+03 -1.82116630E+03 -1.60516630E+03  3.08210419E+01 -9.15265853E+01 -6.07055435E+01  3.00000000E+01  9.00000000E+02  3.11813766E-02
  9.23802843E+02 -2.74605620E+03 -1.82225336E+03 -1.60625336E+03  3.07934281E+01 -9.15352068E+01 -6.07417787E+01  3.00000000E+01  9.00000000E+02  3.11813766E-02
  9.24629275E+02 -2.74574117E+03 -1.82111189E+03 -1.60511189E+03  3.08209758E+01 -9.15247056E+01 -6.07037298E+01  3.00000000E+01  9.00000000E+02  3.11813766E-02
  9.25399545E+02 -2.74586252E+03 -1.82046297E+03 -1.60446297E+03  3.08466515E+01 -9.15287506E+01 -6.06820991E+01  3.00000000E+01  9.00000000E+02  3.11813766E-02
  9.24573596E+02 -2.74552688E+03 -1.82095328E+03 -1.60495328E+03  3.08191199E+01 -9.15175626E+01 -6.06984428E+01  3.00000000E+01  9.00000000E+02  3.11813766E-02
  9.24855819E+02 -2.74589935E+03 -1.82104353E+03 -1.60504353E+03  3.08285273E+01 -9.15299784E+01 -6.07014511E+01  3.00000000E+01  9.00000000E+02  3.11813766E-02
  9.25357928E+02 -2.74577538E+03 -1.82041746E+03 -1.60441746E+03  3.08452643E+01 -9.15258461E+01 -6.06805818E+01  3.00000000E+01  9.00000000E+02  3.11813766E-02
  9.25276510E+02 -2.74579449E+03 -1.82051798E+03 -1.60451798E+03  3.08425503E+01 -9.15264831E+01 -6.06839327E+01  3.00000000E+01  9.00000000E+02  3.11813766E-02
  9.25213828E+02 -2.74590098E+03 -1.82068715E+03 -1.60468715E+03  3.08404609E+01 -9.15300326E+01 -6.06895716E+01  3.00000000E+01  9.00000000E+02  3.11813766E-02
  9.23651933E+02 -2.74569578E+03 -1.82204384E+03 -1.60604384E+03  3.07883978E+01 -9.15231926E+01 -6.07347948E+01  3.00000000E+01  9.00000000E+02  3.11813766E-02
  9.23127470E+02 -2.74562881E+03 -1.82250134E+03 -1.60650134E+03  3.07709157E+01 -9.15209602E+01 -6.07500446E+01  3.00000000E+01  9.00000000E+02  3.11813766E-02
  9.23482170E+02 -2.74559282E+03 -1.82211065E+03 -1.60611065E+03  3.07827390E+01 -9.15197605E+01 -6.07370215E+01  3.00000000E+01  9.00000000E+02  3.11813766E-02
  9.24541541E+02 -2.74577235E+03 -1.82123080E+03 -1.60523080E+03  3.08180514E+01 -9.15257448E+01 -6.07076935E+01  3.00000000E+01  9.00000000E+02  3.11813766E-02
  9.23750148E+02 -2.74572347E+03 -1.82197332E+03 -1.60597332E+03  3.07916716E+01 -9.15241156E+01 -6.07324440E+01  3.00000000E+01  9.00000000E+02  3.11813766E-02
  9.24389734E+02 -2.74576531E+03 -1.82137558E+03 -1.60537558E+03  3.08129911E+01 -9.15255104E+01 -6.07125193E+01  3.00000000E+01  9.00000000E+02  3.11813766E-02
  9.23232909E+02 -2.74580966E+03 -1.82257675E+03 -1.60657675E+03  3.07744303E+01 -9.15269886E+01 -6.07525583E+01  3.00000000E+01  9.00000000E+02  3.11813766E-02
  9.24334694E+02 -2.74574513E+03 -1.82141044E+03 -1.60541044E+03  3.08111565E+01 -9.15248378E+01 -6.07136813E+01  3.00000000E+01  9.00000000E+02  3.11813766E-02
  9.24839547E+02 -2.74589661E+03 -1.82105706E+03 -1.60505706E+03  3.08279849E+01 -9.15298871E+01 -6.07019021E+01  3.00000000E+01  9.00000000E+02  3.11813766E-02
  9.24577642E+02 -2.74589414E+03 -1.82131650E+03 -1.60531650E+03  3.08192547E+01 -9.15298047E+01 -6.07105500E+01  3.00000000E+01  9.00000000E+02  3.11813766E-02
  9.25342587E+02 -2.74600001E+03 -1.82065742E+03 -1.60465742E+03  3.08447529E+01 -9.15333335E+01 -6.06885806E+01  3.00000000E+01  9.00000000E+02  3.11813766E-02
  9.23325490E+02 -2.74555191E+03 -1.82222642E+03 -1.60622642E+03  3.07775163E+01 -9.15183969E+01 -6.07408805E+01  3.00000000E+01  9.00000000E+02  3.11813766E-02
  9.24904026E+02 -2.74562798E+03 -1.82072396E+03 -1.60472396E+03  3.08301342E+01 -9.15209328E+01 -6.06907985E+01  3.00000000E+01  9.00000000E+02  3.11813766E-02
  9.21062890E+02 -2.74584667E+03 -1.82478378E+03 -1.60878378E+03  3.07020963E+01 -9.15282223E+01 -6.08261259E+01  3.00000000E+01  9.00000000E+02  3.11813766E-02
  9.23724507E+02 -2.74595331E+03 -1.82222880E+03 -1.60622880E+03  3.07908169E+01 -9.15317769E+01 -6.07409600E+01  3.00000000E+01  9.00000000E+02  3.11813766E-02
  9.25189021E+02 -2.74563022E+03 -1.82044120E+03 -1.60444120E+03  3.08396340E+01 -9.15210072E+01 -6.06813732E+01  3.00000000E+01  9.00000000E+02  3.11813766E-02
  9.24668338E+02 -2.74561376E+03 -1.82094542E+03 -1.60494542E+03  3.08222779E+01 -9.15204585E+01 -6.06981806E+01  3.00000000E+01  9.00000000E+02  3.11813766E-02
  9.24663204E+02 -2.74584157E+03 -1.82117836E+03 -1.60517836E+03  3.08221068E+01 -9.15280522E+01 -6.07059454E+01  3.00000000E+01  9.00000000E+02  3.11813766E-02
  9.24968976E+02 -2.74576156E+03 -1.82079258E+03 -1.60479258E+03  3.08322992E+01 -9.15253852E+01 -6.06930860E+01  3.00000000E+01  9.00000000E+02  3.11813766E-02
  9.25167572E+02 -2.74586953E+03 -1.82070196E+03 -1.60470196E+03  3.08389191E+01 -9.15289843E+01 -6.06900652E+01  3.00000000E+01  9.00000000E+02  3.11813766E-02
  9.21821483E+02 -2.74591898E+03 -1.82409749E+03 -1.60809749E+03  3.07273828E+01 -9.15306326E+01 -6.08032498E+01  3.00000000E+01  9.00000000E+02  3.11813766E-02
  9.24080455E+02 -2.74575048E+03 -1.82167002E+03 -1.60567002E+03  3.08026818E+01 -9.15250160E+01 -6.07223341E+01  3.00000000E+01  9.00000000E+02  3.11813766E-02
  9.22378847E+02 -2.74575425E+03 -1.82337541E+03 -1.60737541E+03  3.07459616E+01 -9.15251418E+01 -6.07791802E+01  3.00000000E+01  9.00000000E+02  3.11813766E-02
  9.25006475E+02 -2.74570976E+03 -1.82070328E+03 -1.60470328E+03  3.08335492E+01 -9.15236586E+01 -6.06901094E+01  3.00000000E+01  9.00000000E+02  3.11813766E-02
  9.23888759E+02 -2.74556282E+03 -1.82167406E+03 -1.60567406E+03  3.07962920E+01 -9.15187608E+01 -6.07224688E+01  3.00000000E+01  9.00000000E+02  3.11813766E-02
  9.24291406E+02 -2.74595464E+03 -1.82166324E+03 -1.60566324E+03  3.08097135E+01 -9.15318215E+01 -6.07221079E+01  3.00000000E+01  9.00000000E+02  3.11813766E-02
  9.23855981E+02 -2.74574923E+03 -1.82189325E+03 -1.60589325E+03  3.07951994E+01 -9.15249744E+01 -6.07297750E+01  3.00000000E+01  9.00000000E+02  3.11813766E-02
  9.22934190E+02 -2.74577838E+03 -1.82284419E+03 -1.60684419E+03  3.07644730E+01 -9.15259461E+01 -6.07614731E+01  3.00000000E+01  9.00000000E+02  3.11813766E-02
  9.24328461E+02 -2.74591343E+03 -1.82158497E+03 -1.60558497E+03  3.08109487E+01 -9.15304477E+01 -6.07194990E+01  3.00000000E+01  9.00000000E+02  3.11813766E-02
