# PIMCID: 70e3a439-024d-4062-bf5b-0640e6b539fb
#      0.000E+00       1.000E+00       2.000E+00       3.000E+00       4.000E+00       5.000E+00       6.000E+00       7.000E+00       8.000E+00       9.000E+00       1.000E+01       1.100E+01       1.200E+01       1.300E+01       1.400E+01       1.500E+01       1.600E+01       1.700E+01       1.800E+01       1.900E+01       2.000E+01       2.100E+01       2.200E+01       2.300E+01       2.400E+01       2.500E+01       2.600E+01       2.700E+01       2.800E+01       2.900E+01       3.000E+01       3.100E+01       3.200E+01       3.300E+01       3.400E+01       3.500E+01       3.600E+01       3.700E+01       3.800E+01       3.900E+01       4.000E+01       4.100E+01       4.200E+01       4.300E+01       4.400E+01       4.500E+01       4.600E+01       4.700E+01       4.800E+01       4.900E+01
  0.00000000E+00  2.14064567E-03  9.82490984E-01  1.94474801E+00  3.93666681E-01  5.22866808E-01  1.83677328E+00  8.98733359E-01  3.30152704E-01  1.45849658E+00  1.35675503E+00  3.68328835E-01  1.01421646E+00  1.61215303E+00  6.04528831E-01  6.50761274E-01  1.59962072E+00  9.58425965E-01  4.58680337E-01  1.36017292E+00  1.30668385E+00  4.69372938E-01  1.01169539E+00  1.52121259E+00  6.63436067E-01  6.96547621E-01  1.51885570E+00  9.71119719E-01  5.17261072E-01  1.31613866E+00  1.28215825E+00  5.21187342E-01  1.00614004E+00  1.47575778E+00  6.96906083E-01  7.15890680E-01  1.47671205E+00  9.84140200E-01  5.42415286E-01  1.29242939E+00  1.27584661E+00  5.41806119E-01  1.00037871E+00  1.46407666E+00  7.09437718E-01  7.16317847E-01  1.46655276E+00  9.90418413E-01  5.47298413E-01  1.28142694E+00
  0.00000000E+00  2.13065857E-03  9.84204729E-01  1.94338485E+00  3.93256247E-01  5.22185632E-01  1.83794811E+00  8.97857575E-01  3.29889003E-01  1.45987590E+00  1.35567963E+00  3.68557933E-01  1.01510455E+00  1.61068302E+00  6.04816267E-01  6.53341500E-01  1.59616564E+00  9.59386961E-01  4.61028134E-01  1.35437473E+00  1.31039682E+00  4.71416339E-01  1.00691105E+00  1.52465537E+00  6.64953847E-01  6.90867022E-01  1.52326995E+00  9.73943774E-01  5.12510390E-01  1.31462715E+00  1.28902566E+00  5.15652671E-01  1.00600024E+00  1.47910746E+00  6.96254509E-01  7.14587576E-01  1.47679672E+00  9.84757162E-01  5.43659157E-01  1.28776451E+00  1.27830534E+00  5.44532151E-01  9.98103666E-01  1.46028405E+00  7.13866252E-01  7.18041171E-01  1.46151998E+00  9.92254616E-01  5.48927706E-01  1.28046996E+00
  0.00000000E+00  2.10158730E-03  9.83920805E-01  1.94278523E+00  3.94669832E-01  5.21012046E-01  1.83935539E+00  8.96827597E-01  3.28272372E-01  1.46267486E+00  1.35635790E+00  3.64762048E-01  1.01406465E+00  1.61859423E+00  5.99537975E-01  6.48876602E-01  1.60619411E+00  9.56397156E-01  4.55267516E-01  1.35958446E+00  1.31210658E+00  4.67057080E-01  1.00656708E+00  1.52852178E+00  6.61781212E-01  6.91481225E-01  1.52298913E+00  9.75635967E-01  5.10240054E-01  1.31656726E+00  1.28870641E+00  5.15748804E-01  1.00509471E+00  1.48047381E+00  6.96632721E-01  7.10996754E-01  1.47834554E+00  9.86968120E-01  5.40575453E-01  1.28835844E+00  1.28143122E+00  5.42743108E-01  9.94773888E-01  1.46418667E+00  7.14518042E-01  7.15529586E-01  1.46225306E+00  9.94277541E-01  5.47954697E-01  1.27956105E+00
  0.00000000E+00  2.05577116E-03  9.83030825E-01  1.94441368E+00  3.94206972E-01  5.20322637E-01  1.83940988E+00  8.98922179E-01  3.26357272E-01  1.46152425E+00  1.35848384E+00  3.64993548E-01  1.01120458E+00  1.62008658E+00  6.02015884E-01  6.47248722E-01  1.60272298E+00  9.59984200E-01  4.55030780E-01  1.35834336E+00  1.31310820E+00  4.66288552E-01  1.00742523E+00  1.52735896E+00  6.64728111E-01  6.87894205E-01  1.52475982E+00  9.75268703E-01  5.09153618E-01  1.31689325E+00  1.29057578E+00  5.12792613E-01  1.00387708E+00  1.48651479E+00  6.93572624E-01  7.07585357E-01  1.48408144E+00  9.89923782E-01  5.30763615E-01  1.29094751E+00  1.29057985E+00  5.32066777E-01  9.92894366E-01  1.47883037E+00  7.05370488E-01  7.07403701E-01  1.47426388E+00  9.94124865E-01  5.35089847E-01  1.28883801E+00
  0.00000000E+00  2.17051255E-03  9.82604919E-01  1.94545390E+00  3.93474605E-01  5.20288187E-01  1.83904738E+00  8.99428154E-01  3.26692069E-01  1.45826646E+00  1.36378789E+00  3.61752486E-01  1.01128673E+00  1.62254002E+00  5.98787167E-01  6.47075526E-01  1.60564827E+00  9.59891536E-01  4.54797131E-01  1.35431886E+00  1.31829120E+00  4.66574388E-01  1.00212092E+00  1.53028240E+00  6.67139411E-01  6.85795267E-01  1.52017060E+00  9.82985708E-01  5.07952359E-01  1.31092043E+00  1.29555240E+00  5.16396218E-01  9.95356915E-01  1.48860162E+00  6.98512902E-01  7.03828634E-01  1.48310688E+00  9.89435123E-01  5.36478067E-01  1.28781686E+00  1.28489631E+00  5.41614448E-01  9.92036598E-01  1.46799605E+00  7.12356460E-01  7.15095375E-01  1.46383735E+00  9.92970848E-01  5.46967821E-01  1.28093197E+00
  0.00000000E+00  2.11786426E-03  9.81558327E-01  1.94712979E+00  3.93373826E-01  5.18658578E-01  1.84072550E+00  8.99777248E-01  3.26072451E-01  1.45705073E+00  1.36509164E+00  3.62515898E-01  1.00911674E+00  1.62384979E+00  6.00320924E-01  6.42548508E-01  1.60622806E+00  9.65299111E-01  4.47117921E-01  1.35888458E+00  1.32269712E+00  4.58357262E-01  1.00304118E+00  1.53863584E+00  6.59758334E-01  6.80443130E-01  1.53462667E+00  9.77159286E-01  4.97237284E-01  1.32325719E+00  1.29811621E+00  5.02529271E-01  1.00197910E+00  1.49884883E+00  6.86500414E-01  6.98782318E-01  1.49838753E+00  9.86788711E-01  5.19732362E-01  1.30272733E+00  1.29311271E+00  5.21118703E-01  9.96763110E-01  1.48428788E+00  7.00405156E-01  7.01637553E-01  1.48740182E+00  9.91424104E-01  5.25849925E-01  1.29428950E+00
  0.00000000E+00  2.08829042E-03  9.81247657E-01  1.94626679E+00  3.94666584E-01  5.18803624E-01  1.83956294E+00  9.01587666E-01  3.23545987E-01  1.45868751E+00  1.36723524E+00  3.59281395E-01  1.00909569E+00  1.62603502E+00  5.99466147E-01  6.42864440E-01  1.60768051E+00  9.61907155E-01  4.51407057E-01  1.35684673E+00  1.31800092E+00  4.64615698E-01  1.00476033E+00  1.52941178E+00  6.65694864E-01  6.86909671E-01  1.52169939E+00  9.79721334E-01  5.09230673E-01  1.31343682E+00  1.29258354E+00  5.14183371E-01  1.00531397E+00  1.48100722E+00  6.94135790E-01  7.13292838E-01  1.48001874E+00  9.83576124E-01  5.41676433E-01  1.29138660E+00  1.27618608E+00  5.43518365E-01  1.00371265E+00  1.45437041E+00  7.15003403E-01  7.21286229E-01  1.45684670E+00  9.93060767E-01  5.52993834E-01  1.27742235E+00
  0.00000000E+00  2.07857426E-03  9.80668071E-01  1.94751871E+00  3.94189432E-01  5.19221481E-01  1.83752220E+00  9.02553080E-01  3.24267762E-01  1.45866910E+00  1.36650585E+00  3.58663006E-01  1.01121986E+00  1.62637603E+00  5.95900477E-01  6.41745081E-01  1.61403264E+00  9.60192999E-01  4.41923081E-01  1.36825782E+00  1.32040535E+00  4.52848818E-01  1.00708273E+00  1.54189123E+00  6.53984721E-01  6.81379788E-01  1.53874786E+00  9.74222633E-01  4.94961594E-01  1.32877596E+00  1.29620803E+00  5.00347408E-01  1.00591556E+00  1.49587350E+00  6.84346043E-01  7.02614009E-01  1.49861831E+00  9.81891331E-01  5.23685179E-01  1.30392816E+00  1.28787831E+00  5.24732775E-01  1.00021914E+00  1.47799720E+00  7.01322179E-01  7.09518821E-01  1.47636711E+00  9.93053679E-01  5.33571896E-01  1.28943876E+00
  0.00000000E+00  2.25109921E-03  9.81504280E-01  1.94558395E+00  3.95142152E-01  5.19540483E-01  1.83631611E+00  9.04052501E-01  3.25366912E-01  1.45439535E+00  1.36909441E+00  3.60913970E-01  1.00638720E+00  1.62895646E+00  5.98225847E-01  6.40308908E-01  1.60901589E+00  9.66021828E-01  4.43542228E-01  1.35747914E+00  1.32961336E+00  4.53464981E-01  1.00077637E+00  1.54597999E+00  6.55608634E-01  6.78611792E-01  1.53809813E+00  9.78548669E-01  4.90776502E-01  1.32374964E+00  1.30853456E+00  4.91886404E-01  1.00052896E+00  1.50968032E+00  6.79370188E-01  6.94138519E-01  1.50916120E+00  9.84312378E-01  5.11566194E-01  1.30831409E+00  1.30006577E+00  5.09935958E-01  9.95929489E-01  1.49837262E+00  6.90297073E-01  6.95109599E-01  1.50092639E+00  9.88950738E-01  5.15899177E-01  1.30102691E+00
  0.00000000E+00  2.09811736E-03  9.85245002E-01  1.94113896E+00  3.95703363E-01  5.25128447E-01  1.82973036E+00  9.01911053E-01  3.31587359E-01  1.45748521E+00  1.35404020E+00  3.72459820E-01  1.01546215E+00  1.60472439E+00  6.10679806E-01  6.53155358E-01  1.59105382E+00  9.64328910E-01  4.61316937E-01  1.35540354E+00  1.30571696E+00  4.72628171E-01  1.01655225E+00  1.50876209E+00  6.70035320E-01  7.02985354E-01  1.50820709E+00  9.72631169E-01  5.24841904E-01  1.31216135E+00  1.27440545E+00  5.28449726E-01  1.01314149E+00  1.46421777E+00  6.97173018E-01  7.28215126E-01  1.46942392E+00  9.73813000E-01  5.58822041E-01  1.29029249E+00  1.25832031E+00  5.58190256E-01  1.01026987E+00  1.43306186E+00  7.23818185E-01  7.36743657E-01  1.43890017E+00  9.90624072E-01  5.71850734E-01  1.26642575E+00
  0.00000000E+00  2.16957453E-03  9.84024890E-01  1.94177259E+00  3.95368147E-01  5.25243117E-01  1.83187489E+00  8.99537641E-01  3.34349395E-01  1.45379606E+00  1.35757846E+00  3.70926586E-01  1.01410533E+00  1.60773613E+00  6.07293074E-01  6.56490793E-01  1.58975907E+00  9.60791520E-01  4.67980458E-01  1.34920384E+00  1.30542643E+00  4.79579930E-01  1.00965434E+00  1.51090170E+00  6.72912716E-01  7.01233258E-01  1.50477581E+00  9.76086173E-01  5.28489633E-01  1.30472808E+00  1.27769858E+00  5.34495948E-01  1.00425164E+00  1.46156053E+00  7.09915277E-01  7.21662849E-01  1.45867825E+00  9.89097047E-01  5.59152675E-01  1.27442108E+00  1.27184209E+00  5.63683276E-01  9.91901004E-01  1.44302811E+00  7.31876839E-01  7.23376782E-01  1.43997619E+00  9.99659465E-01  5.63483656E-01  1.26978239E+00
  0.00000000E+00  2.23267778E-03  9.80759022E-01  1.94699316E+00  3.94046235E-01  5.17762768E-01  1.84042720E+00  9.03107865E-01  3.20364854E-01  1.45963810E+00  1.37112612E+00  3.55101477E-01  1.00687276E+00  1.63411506E+00  5.96535684E-01  6.33376054E-01  1.61965914E+00  9.62714146E-01  4.42228829E-01  1.35571342E+00  1.33408177E+00  4.51186994E-01  9.94271383E-01  1.55283089E+00  6.58151291E-01  6.69036550E-01  1.54339895E+00  9.80720150E-01  4.90378966E-01  1.32222421E+00  1.30614248E+00  5.00510654E-01  9.93419351E-01  1.50951301E+00  6.84396528E-01  6.94814173E-01  1.50102490E+00  9.86475773E-01  5.17806386E-01  1.30502713E+00  1.29182575E+00  5.20913354E-01  9.95215205E-01  1.48811268E+00  6.97031649E-01  7.02872840E-01  1.48818926E+00  9.89342519E-01  5.30994625E-01  1.29064933E+00
  0.00000000E+00  2.25412773E-03  9.81931206E-01  1.94510032E+00  3.95153145E-01  5.18459799E-01  1.83892879E+00  9.01896809E-01  3.24055980E-01  1.46020860E+00  1.36411510E+00  3.60726287E-01  1.00996620E+00  1.62489183E+00  5.99678453E-01  6.41273001E-01  1.60764082E+00  9.65964309E-01  4.44937540E-01  1.36091861E+00  1.32316128E+00  4.56268301E-01  1.00542136E+00  1.53687375E+00  6.59650398E-01  6.82708231E-01  1.53151478E+00  9.78595462E-01  5.00349537E-01  1.31687342E+00  1.30021221E+00  5.08281891E-01  9.97586312E-01  1.49458558E+00  6.93365206E-01  7.01158791E-01  1.48795348E+00  9.90181240E-01  5.29380787E-01  1.29414493E+00  1.28667537E+00  5.34859410E-01  9.95181863E-01  1.47078751E+00  7.09597508E-01  7.11417385E-01  1.46840078E+00  9.94015872E-01  5.42930049E-01  1.28309970E+00
  0.00000000E+00  2.05716942E-03  9.84664708E-01  1.94174379E+00  3.94306892E-01  5.25361233E-01  1.83463243E+00  8.96403206E-01  3.34363743E-01  1.45901219E+00  1.35025847E+00  3.73789315E-01  1.01504986E+00  1.60716932E+00  6.07033472E-01  6.55047933E-01  1.59218867E+00  9.61064874E-01  4.64602196E-01  1.35163044E+00  1.30821938E+00  4.76179083E-01  1.00856715E+00  1.51278895E+00  6.72948258E-01  6.99756047E-01  1.50602471E+00  9.78135111E-01  5.23380808E-01  1.30784063E+00  1.28123078E+00  5.26286642E-01  1.00665079E+00  1.47013421E+00  6.99589274E-01  7.20665824E-01  1.47000950E+00  9.83310609E-01  5.52656364E-01  1.28271568E+00  1.27280173E+00  5.52820677E-01  9.97793169E-01  1.45351309E+00  7.17197254E-01  7.24898609E-01  1.45179641E+00  9.90901028E-01  5.60788082E-01  1.27335356E+00
  0.00000000E+00  2.09007515E-03  9.84268819E-01  1.94114146E+00  3.96886792E-01  5.18923984E-01  1.84000469E+00  8.98792378E-01  3.27507144E-01  1.45921075E+00  1.35943596E+00  3.67199792E-01  1.01393734E+00  1.61094838E+00  6.06847610E-01  6.52970064E-01  1.59197025E+00  9.64592937E-01  4.62249114E-01  1.34876026E+00  1.31208488E+00  4.76746321E-01  1.00225419E+00  1.51849446E+00  6.74678271E-01  6.93881212E-01  1.50613201E+00  9.83931721E-01  5.21673593E-01  1.30115032E+00  1.28767481E+00  5.29795199E-01  1.00068081E+00  1.46717651E+00  7.08276049E-01  7.19749708E-01  1.46168762E+00  9.87314392E-01  5.57956708E-01  1.27905983E+00  1.26537356E+00  5.64474582E-01  1.00059887E+00  1.43618567E+00  7.27226324E-01  7.34045810E-01  1.43685954E+00  9.92163781E-01  5.74076247E-01  1.26419256E+00
  0.00000000E+00  2.18327746E-03  9.82503753E-01  1.94346949E+00  3.95960388E-01  5.20450292E-01  1.83703430E+00  9.01481030E-01  3.24617575E-01  1.46136755E+00  1.36056727E+00  3.64053320E-01  1.01145591E+00  1.62054424E+00  6.02112016E-01  6.45040630E-01  1.60241109E+00  9.64865370E-01  4.50628261E-01  1.35744311E+00  1.31927568E+00  4.61276969E-01  1.00567344E+00  1.53437041E+00  6.60129235E-01  6.84232530E-01  1.53268669E+00  9.73891848E-01  5.02252620E-01  1.32189243E+00  1.29485497E+00  5.06803191E-01  1.00329948E+00  1.49054944E+00  6.89620809E-01  7.08891405E-01  1.48766409E+00  9.82389064E-01  5.35722945E-01  1.29762371E+00  1.27641055E+00  5.39973585E-01  1.00139114E+00  1.46106447E+00  7.11121674E-01  7.17332566E-01  1.46412319E+00  9.91528409E-01  5.47713483E-01  1.28138445E+00
  0.00000000E+00  2.02557268E-03  9.82778489E-01  1.94455775E+00  3.94621127E-01  5.21048044E-01  1.83631451E+00  9.01129963E-01  3.29107977E-01  1.45726996E+00  1.35915500E+00  3.67673500E-01  1.01236159E+00  1.61291034E+00  6.06179590E-01  6.51175956E-01  1.59411479E+00  9.65250493E-01  4.60090062E-01  1.34853431E+00  1.31566925E+00  4.73077784E-01  1.00124492E+00  1.52345352E+00  6.72796856E-01  6.89743207E-01  1.51215222E+00  9.84053892E-01  5.14138848E-01  1.30634459E+00  1.29247947E+00  5.22114665E-01  9.98050968E-01  1.47900451E+00  7.02973086E-01  7.10047882E-01  1.47406178E+00  9.90196504E-01  5.42064117E-01  1.28619290E+00  1.27915807E+00  5.46732480E-01  9.96031550E-01  1.45941070E+00  7.17352783E-01  7.17256292E-01  1.45781795E+00  9.92735194E-01  5.54832978E-01  1.27584532E+00
  0.00000000E+00  2.13601588E-03  9.83415769E-01  1.94390582E+00  3.94024176E-01  5.21637485E-01  1.83728996E+00  8.99496200E-01  3.30208507E-01  1.45700674E+00  1.35761399E+00  3.69572964E-01  1.01282130E+00  1.61203012E+00  6.04275706E-01  6.55666238E-01  1.59254455E+00  9.58573390E-01  4.67812148E-01  1.35173006E+00  1.30367516E+00  4.80433433E-01  1.00779520E+00  1.51260350E+00  6.71746122E-01  7.03785071E-01  1.50156133E+00  9.77446745E-01  5.31100605E-01  1.29715943E+00  1.28305802E+00  5.35850897E-01  9.97399775E-01  1.46708930E+00  7.12378747E-01  7.12988234E-01  1.46487246E+00  9.93001528E-01  5.47084163E-01  1.28190735E+00  1.27826529E+00  5.48435492E-01  9.97026671E-01  1.45643054E+00  7.18101962E-01  7.19971963E-01  1.45483377E+00  9.95095681E-01  5.53874081E-01  1.27659967E+00
  0.00000000E+00  2.10828814E-03  9.80355240E-01  1.94872844E+00  3.92651421E-01  5.18408274E-01  1.84068190E+00  9.01409296E-01  3.22214698E-01  1.45880655E+00  1.36994219E+00  3.56566042E-01  1.00699914E+00  1.63234853E+00  5.96121584E-01  6.38755716E-01  1.61384458E+00  9.62916332E-01  4.42605290E-01  1.36051075E+00  1.32595425E+00  4.56441457E-01  1.00158705E+00  1.54141031E+00  6.61063095E-01  6.77499090E-01  1.53291578E+00  9.82110657E-01  4.94816974E-01  1.32092597E+00  1.30154008E+00  5.02366465E-01  1.00157100E+00  1.49730114E+00  6.86477485E-01  7.02807554E-01  1.49594056E+00  9.83029525E-01  5.25730751E-01  1.30391264E+00  1.28255856E+00  5.28381962E-01  1.00206436E+00  1.47303375E+00  7.03563731E-01  7.12907357E-01  1.47230359E+00  9.91980868E-01  5.37865754E-01  1.28729729E+00
  0.00000000E+00  2.13705359E-03  9.80498029E-01  1.94726114E+00  3.93868665E-01  5.18504848E-01  1.84065930E+00  9.01105708E-01  3.21115869E-01  1.46136657E+00  1.36835969E+00  3.56493185E-01  1.00773193E+00  1.63281116E+00  5.96532503E-01  6.34893866E-01  1.61862872E+00  9.61551130E-01  4.39640650E-01  1.36351838E+00  1.32787704E+00  4.51449915E-01  1.00297502E+00  1.54595250E+00  6.53623868E-01  6.78955769E-01  1.54156556E+00  9.73193477E-01  4.94081982E-01  1.33017547E+00  1.29567966E+00  5.00937774E-01  1.00478155E+00  1.49554012E+00  6.85793047E-01  7.04746929E-01  1.49238061E+00  9.84402191E-01  5.29754929E-01  1.29524767E+00  1.28988962E+00  5.30653932E-01  9.93588807E-01  1.47807323E+00  7.06620849E-01  7.05068025E-01  1.47656202E+00  9.94762670E-01  5.32419863E-01  1.28990085E+00
  0.00000000E+00  2.22091429E-03  9.80705992E-01  1.94756262E+00  3.93841424E-01  5.17895540E-01  1.84081109E+00  8.99495656E-01  3.26154426E-01  1.45999818E+00  1.36154102E+00  3.62837256E-01  1.01109128E+00  1.62316014E+00  5.99652462E-01  6.42889751E-01  1.60897616E+00  9.61928794E-01  4.47614077E-01  1.35939130E+00  1.32090247E+00  4.59274728E-01  1.00517763E+00  1.53753474E+00  6.57814028E-01  6.82542116E-01  1.53625869E+00  9.72381531E-01  5.01277509E-01  1.32451824E+00  1.29390039E+00  5.02911873E-01  1.00640129E+00  1.49379833E+00  6.85064436E-01  7.06049453E-01  1.49556042E+00  9.79848296E-01  5.28874954E-01  1.30365668E+00  1.28198581E+00  5.28422959E-01  1.00060079E+00  1.47618031E+00  7.02228100E-01  7.11017715E-01  1.47467797E+00  9.92097533E-01  5.36010425E-01  1.28859585E+00
  0.00000000E+00  2.06454920E-03  9.81668964E-01  1.94618763E+00  3.93556558E-01  5.20597545E-01  1.83874985E+00  9.00343479E-01  3.25443218E-01  1.45924735E+00  1.36155031E+00  3.65541175E-01  1.01084902E+00  1.61881254E+00  6.03119620E-01  6.46572837E-01  1.60154902E+00  9.62836309E-01  4.54368639E-01  1.35544178E+00  1.31647356E+00  4.66289074E-01  1.00500734E+00  1.52816395E+00  6.64623044E-01  6.92137840E-01  1.51621262E+00  9.80176068E-01  5.12430228E-01  1.31192883E+00  1.28980199E+00  5.18376613E-01  1.00172444E+00  1.48028291E+00  6.99986619E-01  7.10150386E-01  1.47639005E+00  9.91947778E-01  5.35020048E-01  1.28721207E+00  1.28898978E+00  5.35745569E-01  9.92814754E-01  1.47533107E+00  7.07848924E-01  7.06490695E-01  1.47660456E+00  9.92692887E-01  5.35238355E-01  1.28874089E+00
  0.00000000E+00  2.27774870E-03  9.84324167E-01  1.94147167E+00  3.95867341E-01  5.21965511E-01  1.83599541E+00  8.99777086E-01  3.29145858E-01  1.45781198E+00  1.36123457E+00  3.64240465E-01  1.01183215E+00  1.61851626E+00  6.02340545E-01  6.48443094E-01  1.60175786E+00  9.59839010E-01  4.57675077E-01  1.35381335E+00  1.31518196E+00  4.68401186E-01  1.00202920E+00  1.53109056E+00  6.65046108E-01  6.85793429E-01  1.52476623E+00  9.78114248E-01  5.06365690E-01  1.31673908E+00  1.29523823E+00  5.09103305E-01  1.00144038E+00  1.49191590E+00  6.89818735E-01  7.05118129E-01  1.49127969E+00  9.84378724E-01  5.29977366E-01  1.29745683E+00  1.28614085E+00  5.30101457E-01  9.98470429E-01  1.47607308E+00  7.03108303E-01  7.09360323E-01  1.47553808E+00  9.92679310E-01  5.37221124E-01  1.28705626E+00
  0.00000000E+00  2.17611328E-03  9.79725377E-01  1.94867482E+00  3.93680577E-01  5.18111983E-01  1.84104083E+00  9.00634083E-01  3.23567053E-01  1.45676649E+00  1.36863842E+00  3.59096000E-01  1.00908045E+00  1.62872200E+00  5.97659887E-01  6.40363424E-01  1.60961980E+00  9.65076029E-01  4.46601202E-01  1.35639809E+00  1.32405857E+00  4.62573382E-01  9.97037859E-01  1.53783931E+00  6.66573079E-01  6.79121996E-01  1.52601866E+00  9.85936321E-01  5.01249132E-01  1.31224387E+00  1.29950086E+00  5.12214100E-01  9.97589103E-01  1.48921299E+00  6.95943461E-01  7.04354950E-01  1.48423110E+00  9.90308903E-01  5.32212697E-01  1.29255153E+00  1.28372781E+00  5.38835125E-01  9.97137490E-01  1.46339711E+00  7.14373129E-01  7.14889804E-01  1.46339274E+00  9.92116757E-01  5.48506109E-01  1.28055278E+00
  0.00000000E+00  2.24963877E-03  9.85000620E-01  1.94018647E+00  3.96548334E-01  5.22165698E-01  1.83385136E+00  9.01847266E-01  3.30121796E-01  1.45629430E+00  1.35820246E+00  3.68884991E-01  1.01107492E+00  1.61648398E+00  6.04513840E-01  6.46749512E-01  1.60109676E+00  9.62670326E-01  4.54797654E-01  1.35755923E+00  1.31449702E+00  4.65925518E-01  1.00485764E+00  1.53060822E+00  6.63600991E-01  6.83693325E-01  1.52976023E+00  9.76397044E-01  5.05152571E-01  1.31704161E+00  1.29361246E+00  5.13070879E-01  1.00061992E+00  1.48947285E+00  6.93204192E-01  7.05652029E-01  1.48647122E+00  9.85889145E-01  5.34428819E-01  1.29376409E+00  1.28153945E+00  5.39036893E-01  9.96857922E-01  1.46697962E+00  7.09416665E-01  7.15819379E-01  1.46591300E+00  9.91325981E-01  5.47731820E-01  1.28069366E+00
  0.00000000E+00  1.95876952E-03  9.83135567E-01  1.94385259E+00  3.94230373E-01  5.21505888E-01  1.83797036E+00  8.98603305E-01  3.29291359E-01  1.45819443E+00  1.35972404E+00  3.67064598E-01  1.01077140E+00  1.61686599E+00  6.04258750E-01  6.49513285E-01  1.59920534E+00  9.60392105E-01  4.60061871E-01  1.35408262E+00  1.30833404E+00  4.75454523E-01  1.00678960E+00  1.51564909E+00  6.72565268E-01  6.98163557E-01  1.50718367E+00  9.79478680E-01  5.23635834E-01  1.30476602E+00  1.28004798E+00  5.35288465E-01  9.99853079E-01  1.46417447E+00  7.11091603E-01  7.20451578E-01  1.45807110E+00  9.89904247E-01  5.59427351E-01  1.27542042E+00  1.26789433E+00  5.63394641E-01  1.00073753E+00  1.43528106E+00  7.28098611E-01  7.36848209E-01  1.43085646E+00  9.93922239E-01  5.77050708E-01  1.26281631E+00
  0.00000000E+00  2.13506040E-03  9.82792267E-01  1.94475860E+00  3.93448827E-01  5.22677404E-01  1.83686701E+00  8.98123805E-01  3.31103996E-01  1.45938872E+00  1.35496242E+00  3.69361406E-01  1.01479363E+00  1.60877425E+00  6.07902505E-01  6.54614273E-01  1.58960625E+00  9.63272142E-01  4.65935720E-01  1.34823689E+00  1.30924240E+00  4.77459079E-01  1.00840295E+00  1.51111006E+00  6.75793108E-01  6.97878604E-01  1.50427483E+00  9.80251589E-01  5.26033749E-01  1.30124352E+00  1.28379013E+00  5.32503614E-01  1.00084814E+00  1.46563248E+00  7.08793674E-01  7.21131616E-01  1.45898889E+00  9.89900936E-01  5.59425104E-01  1.27361026E+00  1.27030161E+00  5.62259173E-01  9.98473035E-01  1.43810844E+00  7.29028445E-01  7.32573974E-01  1.43655480E+00  9.93878636E-01  5.72196381E-01  1.26488894E+00
  0.00000000E+00  2.19256436E-03  9.81713271E-01  1.94595051E+00  3.93759550E-01  5.22908992E-01  1.83494756E+00  9.00051008E-01  3.29928950E-01  1.45666394E+00  1.36032320E+00  3.67261230E-01  1.01007257E+00  1.61776194E+00  6.03083965E-01  6.48183177E-01  1.60109560E+00  9.61824791E-01  4.54998715E-01  1.35705324E+00  1.31390139E+00  4.67493353E-01  1.00565364E+00  1.52690697E+00  6.65785691E-01  6.89645043E-01  1.51947358E+00  9.78762774E-01  5.11534871E-01  1.31215248E+00  1.29228367E+00  5.16256014E-01  9.99769929E-01  1.48604812E+00  6.95712201E-01  7.08735218E-01  1.47899441E+00  9.91843474E-01  5.34419344E-01  1.29094168E+00  1.28461386E+00  5.37361695E-01  9.96382953E-01  1.46734073E+00  7.11562525E-01  7.12799185E-01  1.46598575E+00  9.95374651E-01  5.41319847E-01  1.28450352E+00
  0.00000000E+00  2.22190000E-03  9.81175523E-01  1.94820039E+00  3.91521716E-01  5.21548219E-01  1.83943639E+00  8.96505782E-01  3.27930188E-01  1.46189480E+00  1.36013912E+00  3.61080468E-01  1.01408709E+00  1.62127771E+00  5.97180849E-01  6.46423648E-01  1.60989542E+00  9.56496454E-01  4.52093737E-01  1.36364970E+00  1.31239289E+00  4.63465073E-01  1.01073875E+00  1.52537962E+00  6.62777311E-01  6.91688175E-01  1.52302255E+00  9.76002024E-01  5.05443729E-01  1.31961938E+00  1.29433988E+00  5.08597393E-01  1.00076614E+00  1.49371484E+00  6.90589356E-01  7.01857099E-01  1.49142983E+00  9.87629412E-01  5.25490983E-01  1.29843930E+00  1.29269885E+00  5.24334455E-01  9.95064798E-01  1.48364026E+00  6.99934638E-01  7.03904935E-01  1.48539488E+00  9.90106236E-01  5.29431121E-01  1.29268031E+00
  0.00000000E+00  2.26791933E-03  9.80436881E-01  1.94871870E+00  3.92341844E-01  5.19879958E-01  1.83903599E+00  8.99757134E-01  3.25297549E-01  1.46048868E+00  1.36221858E+00  3.61615025E-01  1.01297539E+00  1.62168827E+00  5.99432482E-01  6.44628203E-01  1.60838954E+00  9.60157247E-01  4.49717293E-01  1.36015163E+00  1.31914452E+00  4.60756243E-01  1.00550035E+00  1.53319179E+00  6.62376864E-01  6.85775080E-01  1.52488626E+00  9.78487337E-01  5.06449245E-01  1.31446803E+00  1.29724441E+00  5.11542330E-01  9.98588679E-01  1.49154416E+00  6.92024212E-01  7.05232392E-01  1.48908436E+00  9.83645206E-01  5.31956791E-01  1.29799065E+00  1.28256813E+00  5.34453390E-01  9.97513867E-01  1.47119959E+00  7.08616534E-01  7.10528048E-01  1.47025448E+00  9.94145529E-01  5.39926610E-01  1.28503993E+00
  0.00000000E+00  2.19272800E-03  9.82776885E-01  1.94418328E+00  3.94262969E-01  5.20705687E-01  1.83920602E+00  8.98547207E-01  3.25381884E-01  1.46394746E+00  1.35858455E+00  3.62409571E-01  1.01169360E+00  1.62374796E+00  5.98313216E-01  6.43530383E-01  1.61170061E+00  9.56972073E-01  4.50550981E-01  1.36135036E+00  1.31749650E+00  4.60154074E-01  1.00652341E+00  1.53433453E+00  6.59834375E-01  6.84413896E-01  1.53039324E+00  9.77667264E-01  5.01727083E-01  1.31851593E+00  1.29922032E+00  5.06482433E-01  9.97559183E-01  1.49778626E+00  6.90464883E-01  6.97740399E-01  1.49523214E+00  9.87870040E-01  5.25747138E-01  1.29781962E+00  1.28820656E+00  5.28673360E-01  9.97321169E-01  1.47568012E+00  7.05710408E-01  7.08832350E-01  1.47419882E+00  9.94523501E-01  5.33824449E-01  1.28932246E+00
  0.00000000E+00  2.12962425E-03  9.82993162E-01  1.94386269E+00  3.94549214E-01  5.21816573E-01  1.83727164E+00  8.98759742E-01  3.30547694E-01  1.45758353E+00  1.35746742E+00  3.68741775E-01  1.01186113E+00  1.61467734E+00  6.04347036E-01  6.50044055E-01  1.59852171E+00  9.61092433E-01  4.58698430E-01  1.35420242E+00  1.31376237E+00  4.70525400E-01  1.00302036E+00  1.52621564E+00  6.68142988E-01  6.87718387E-01  1.52066018E+00  9.79502706E-01  5.10625375E-01  1.31038432E+00  1.29497538E+00  5.16757796E-01  9.96712013E-01  1.48713127E+00  6.97441820E-01  7.04530714E-01  1.48389594E+00  9.89354349E-01  5.33258170E-01  1.29114569E+00  1.28726271E+00  5.35737039E-01  9.94258005E-01  1.47338680E+00  7.06740990E-01  7.12024822E-01  1.47078818E+00  9.91505331E-01  5.42555630E-01  1.28414533E+00
  0.00000000E+00  2.11236089E-03  9.82753744E-01  1.94421059E+00  3.94559544E-01  5.21043594E-01  1.83751678E+00  8.99812565E-01  3.27952553E-01  1.45735148E+00  1.36250172E+00  3.62927340E-01  1.01223383E+00  1.62166680E+00  5.99052363E-01  6.46426249E-01  1.60766510E+00  9.58402896E-01  4.50057590E-01  1.36322181E+00  1.31466459E+00  4.61866042E-01  1.00694482E+00  1.53304064E+00  6.60997095E-01  6.86723659E-01  1.52531226E+00  9.78224385E-01  5.07989853E-01  1.31354649E+00  1.29445849E+00  5.13894022E-01  9.98815211E-01  1.48941789E+00  6.94706074E-01  7.05618433E-01  1.48382395E+00  9.88421263E-01  5.33769351E-01  1.29417691E+00  1.28389000E+00  5.34209378E-01  1.00095988E+00  1.46621993E+00  7.08010305E-01  7.18317222E-01  1.46374280E+00  9.91906058E-01  5.46413945E-01  1.28178347E+00
  0.00000000E+00  2.17615208E-03  9.81735723E-01  1.94682647E+00  3.93563167E-01  5.19182223E-01  1.83911057E+00  9.00788620E-01  3.25876415E-01  1.45798458E+00  1.36340200E+00  3.63735284E-01  1.00900696E+00  1.62250323E+00  6.01862852E-01  6.41152594E-01  1.60957786E+00  9.61489962E-01  4.48001005E-01  1.36159727E+00  1.31902004E+00  4.58661074E-01  1.00637467E+00  1.53649789E+00  6.58591646E-01  6.83925978E-01  1.53184726E+00  9.75417345E-01  5.00926814E-01  1.32341200E+00  1.29499417E+00  5.05070656E-01  1.00318225E+00  1.49389296E+00  6.89633620E-01  7.01950341E-01  1.49336994E+00  9.86937821E-01  5.25299989E-01  1.29851755E+00  1.28875843E+00  5.29082829E-01  9.95411885E-01  1.47852745E+00  7.04648610E-01  7.05570611E-01  1.47941915E+00  9.92367185E-01  5.32206682E-01  1.29024355E+00
  0.00000000E+00  2.09661748E-03  9.81591790E-01  1.94519097E+00  3.95350534E-01  5.19906152E-01  1.83596406E+00  9.03646434E-01  3.25297323E-01  1.45643037E+00  1.36604299E+00  3.60955121E-01  1.01036421E+00  1.62456329E+00  5.99030631E-01  6.41694318E-01  1.61056705E+00  9.62873792E-01  4.43792524E-01  1.36413175E+00  1.32091928E+00  4.55656845E-01  1.00842229E+00  1.53550256E+00  6.59520508E-01  6.83114583E-01  1.53110330E+00  9.78324880E-01  4.99550291E-01  1.31775067E+00  1.30309579E+00  5.01576255E-01  1.00227751E+00  1.49591329E+00  6.89549020E-01  7.01068485E-01  1.49122725E+00  9.89697736E-01  5.25078355E-01  1.29693462E+00  1.29159549E+00  5.26481328E-01  9.95971083E-01  1.47988483E+00  7.02959044E-01  7.03706017E-01  1.48245997E+00  9.92379132E-01  5.28731678E-01  1.29339133E+00
  0.00000000E+00  2.15923201E-03  9.81765366E-01  1.94627959E+00  3.93360685E-01  5.20279482E-01  1.83838304E+00  9.00001782E-01  3.27455954E-01  1.45890405E+00  1.36137385E+00  3.64177747E-01  1.01071269E+00  1.61955833E+00  6.02568881E-01  6.45426322E-01  1.60329682E+00  9.64078948E-01  4.51448039E-01  1.35725573E+00  1.31742959E+00  4.65486088E-01  1.00393917E+00  1.53014100E+00  6.63681774E-01  6.88377755E-01  1.52377938E+00  9.77739820E-01  5.08036951E-01  1.31689255E+00  1.28850843E+00  5.15464224E-01  1.00505254E+00  1.48188764E+00  6.93986118E-01  7.11371812E-01  1.48321227E+00  9.82565769E-01  5.37136137E-01  1.29808238E+00  1.27650066E+00  5.37441585E-01  1.00333803E+00  1.46510201E+00  7.06633489E-01  7.18721160E-01  1.46487279E+00  9.91701867E-01  5.45409861E-01  1.28235394E+00
  0.00000000E+00  2.06810969E-03  9.83018711E-01  1.94398003E+00  3.94934720E-01  5.21524647E-01  1.83693405E+00  9.00638489E-01  3.26452609E-01  1.45907284E+00  1.36211002E+00  3.63377592E-01  1.01078643E+00  1.61974826E+00  6.02732457E-01  6.45722643E-01  1.60259799E+00  9.64084728E-01  4.50195410E-01  1.35743194E+00  1.32092237E+00  4.59990032E-01  1.00437629E+00  1.53681131E+00  6.59882280E-01  6.81732602E-01  1.53351419E+00  9.78333944E-01  4.96031071E-01  1.32018852E+00  1.30452546E+00  4.98183018E-01  1.00253562E+00  1.50351373E+00  6.83230870E-01  6.95885028E-01  1.50103297E+00  9.89482984E-01  5.16683619E-01  1.30006456E+00  1.29800108E+00  5.21459797E-01  9.92578345E-01  1.48705274E+00  7.01030642E-01  7.00469910E-01  1.48366868E+00  9.94788112E-01  5.26384752E-01  1.29356715E+00
  0.00000000E+00  2.21390870E-03  9.84193775E-01  1.94100783E+00  3.96483477E-01  5.23925392E-01  1.83113051E+00  9.02838735E-01  3.31422455E-01  1.45334678E+00  1.36106123E+00  3.68477313E-01  1.00797254E+00  1.62011960E+00  6.03932863E-01  6.42960473E-01  1.60406860E+00  9.65878324E-01  4.50613094E-01  1.35476289E+00  1.32117196E+00  4.63169559E-01  1.00310751E+00  1.53305678E+00  6.64271870E-01  6.84877736E-01  1.52375838E+00  9.80198682E-01  5.05783489E-01  1.31492044E+00  1.29467763E+00  5.13505648E-01  9.99967070E-01  1.48740965E+00  6.95731015E-01  7.04455869E-01  1.48480739E+00  9.89686452E-01  5.30657465E-01  1.29297574E+00  1.29006270E+00  5.30974805E-01  9.94062914E-01  1.47678343E+00  7.06636054E-01  7.08208298E-01  1.47475718E+00  9.92708847E-01  5.36295961E-01  1.28824303E+00
  0.00000000E+00  2.21390870E-03  9.84193775E-01  1.94100783E+00  3.96483477E-01  5.23925392E-01  1.83113051E+00  9.02838735E-01  3.31422455E-01  1.45334678E+00  1.36106123E+00  3.68477313E-01  1.00797254E+00  1.62011960E+00  6.03932863E-01  6.42960473E-01  1.60406860E+00  9.65878324E-01  4.50613094E-01  1.35476289E+00  1.32117196E+00  4.63169559E-01  1.00310751E+00  1.53305678E+00  6.64271870E-01  6.84877736E-01  1.52375838E+00  9.80198682E-01  5.05783489E-01  1.31492044E+00  1.29467763E+00  5.13505648E-01  9.99967070E-01  1.48740965E+00  6.95731015E-01  7.04455869E-01  1.48480739E+00  9.89686452E-01  5.30657465E-01  1.29297574E+00  1.29006270E+00  5.30974805E-01  9.94062914E-01  1.47678343E+00  7.06636054E-01  7.08208298E-01  1.47475718E+00  9.92708847E-01  5.36295961E-01  1.28824303E+00
  0.00000000E+00  2.14397132E-03  9.82340835E-01  1.94534662E+00  3.94233502E-01  5.18850709E-01  1.83879790E+00  9.01955723E-01  3.25747877E-01  1.45796942E+00  1.36278748E+00  3.64476094E-01  1.00926212E+00  1.62121021E+00  6.02935694E-01  6.44583667E-01  1.60217530E+00  9.65326994E-01  4.51285668E-01  1.35635921E+00  1.31836261E+00  4.63794239E-01  1.00388014E+00  1.53199566E+00  6.64724408E-01  6.85550060E-01  1.52156374E+00  9.84804631E-01  5.02378708E-01  1.31214106E+00  1.30346344E+00  5.08059940E-01  9.97000910E-01  1.49330519E+00  6.94998844E-01  7.01786807E-01  1.48425418E+00  9.93843750E-01  5.28557668E-01  1.29215947E+00  1.29023417E+00  5.33461208E-01  9.92121859E-01  1.47588086E+00  7.08692171E-01  7.06485191E-01  1.47416088E+00  9.94377007E-01  5.36745386E-01  1.28676014E+00
  0.00000000E+00  2.14174179E-03  9.82874561E-01  1.94394451E+00  3.95013045E-01  5.18352173E-01  1.83922669E+00  9.01862933E-01  3.24751390E-01  1.45961852E+00  1.36411689E+00  3.61544628E-01  1.00990114E+00  1.62223345E+00  6.02311279E-01  6.44467458E-01  1.60170178E+00  9.66714264E-01  4.49847305E-01  1.35596725E+00  1.32060891E+00  4.62832397E-01  1.00490137E+00  1.53171636E+00  6.63311842E-01  6.85076781E-01  1.52503053E+00  9.81910334E-01  5.03009136E-01  1.31530302E+00  1.29861795E+00  5.08948991E-01  9.98474669E-01  1.49243602E+00  6.94079099E-01  7.02732963E-01  1.48476241E+00  9.93859754E-01  5.27463058E-01  1.28999833E+00  1.29513554E+00  5.30842908E-01  9.87616326E-01  1.48486570E+00  7.05726812E-01  7.00267597E-01  1.48251537E+00  9.94117465E-01  5.27555045E-01  1.29302565E+00
  0.00000000E+00  2.16422480E-03  9.81986097E-01  1.94581730E+00  3.93913744E-01  5.20204655E-01  1.83814420E+00  9.00167934E-01  3.28379206E-01  1.45652612E+00  1.36274262E+00  3.64333232E-01  1.01264541E+00  1.61614669E+00  6.03370846E-01  6.50644305E-01  1.59687893E+00  9.62711113E-01  4.59222269E-01  1.35563384E+00  1.30748010E+00  4.73478973E-01  1.01126872E+00  1.51431160E+00  6.69634891E-01  6.99292334E-01  1.51058405E+00  9.73274835E-01  5.25277410E-01  1.30859427E+00  1.27853908E+00  5.30322540E-01  1.00430790E+00  1.46851066E+00  7.03255174E-01  7.19138003E-01  1.46824765E+00  9.84745062E-01  5.51681958E-01  1.28501844E+00  1.27062505E+00  5.53297695E-01  1.00024950E+00  1.44945468E+00  7.19680869E-01  7.24703107E-01  1.45113560E+00  9.91830053E-01  5.60453511E-01  1.27330689E+00
  0.00000000E+00  2.07837025E-03  9.84188709E-01  1.94240141E+00  3.94968422E-01  5.22196507E-01  1.83678415E+00  8.99316780E-01  3.28195979E-01  1.45832605E+00  1.36095495E+00  3.64511151E-01  1.01192753E+00  1.61834809E+00  6.03155900E-01  6.44465144E-01  1.60469437E+00  9.63632323E-01  4.49727572E-01  1.35708918E+00  1.31990085E+00  4.62946238E-01  1.00183917E+00  1.53752217E+00  6.61005433E-01  6.81885189E-01  1.53043910E+00  9.79824521E-01  4.99549455E-01  1.31742434E+00  1.30256991E+00  5.03960334E-01  9.96218516E-01  1.50274560E+00  6.88563711E-01  6.93573613E-01  1.49906621E+00  9.92193022E-01  5.15479908E-01  1.30031021E+00  1.30000081E+00  5.18331949E-01  9.90000342E-01  1.49493968E+00  6.97156004E-01  6.94461121E-01  1.49411651E+00  9.93251921E-01  5.18473374E-01  1.29862153E+00
  0.00000000E+00  2.23859642E-03  9.80253087E-01  1.94829084E+00  3.93175168E-01  5.18555941E-01  1.84117048E+00  8.99701973E-01  3.24747497E-01  1.45993522E+00  1.36339658E+00  3.61430781E-01  1.01019780E+00  1.62384046E+00  6.00128789E-01  6.42966081E-01  1.60777207E+00  9.62884161E-01  4.49337737E-01  1.35843756E+00  1.31928592E+00  4.63184393E-01  1.00326904E+00  1.53287596E+00  6.63519480E-01  6.85491810E-01  1.52431069E+00  9.80464735E-01  5.07189701E-01  1.30971545E+00  1.29879972E+00  5.13849023E-01  9.95312439E-01  1.49077902E+00  6.97949723E-01  7.01515311E-01  1.48382822E+00  9.93919319E-01  5.28218309E-01  1.29149738E+00  1.29184923E+00  5.31882012E-01  9.93530586E-01  1.47551796E+00  7.07140935E-01  7.08779376E-01  1.47359068E+00  9.93324449E-01  5.37158995E-01  1.28712263E+00
  0.00000000E+00  2.07988967E-03  9.83136536E-01  1.94325223E+00  3.95078615E-01  5.23684741E-01  1.83390442E+00  9.00113385E-01  3.31805649E-01  1.45437793E+00  1.36053895E+00  3.68213281E-01  1.00895586E+00  1.61889021E+00  6.04017886E-01  6.44845649E-01  1.60199353E+00  9.64566237E-01  4.52461790E-01  1.35529950E+00  1.31868767E+00  4.66156745E-01  1.00328692E+00  1.52921223E+00  6.65147163E-01  6.88060995E-01  1.52142381E+00  9.79192907E-01  5.07791569E-01  1.31576042E+00  1.29375698E+00  5.11480929E-01  1.00218944E+00  1.48899001E+00  6.92201276E-01  7.06195597E-01  1.48795117E+00  9.85494147E-01  5.32084069E-01  1.29723226E+00  1.28188465E+00  5.35088145E-01  9.99509577E-01  1.46753551E+00  7.09274498E-01  7.12658636E-01  1.46892112E+00  9.93010662E-01  5.41677644E-01  1.28426030E+00
  0.00000000E+00  2.10886082E-03  9.81911898E-01  1.94614742E+00  3.93327222E-01  5.21868769E-01  1.83580857E+00  9.01404645E-01  3.28491094E-01  1.45652149E+00  1.36142482E+00  3.66766576E-01  1.01071333E+00  1.61549936E+00  6.05433492E-01  6.49147099E-01  1.59755999E+00  9.63402768E-01  4.57050295E-01  1.35342929E+00  1.31432570E+00  4.70732000E-01  1.00432421E+00  1.52468088E+00  6.69016466E-01  6.89037142E-01  1.51793478E+00  9.80679554E-01  5.11135773E-01  1.31137970E+00  1.29131525E+00  5.18554650E-01  9.99787692E-01  1.48293345E+00  6.98614835E-01  7.07627183E-01  1.47989785E+00  9.89044782E-01  5.36955318E-01  1.29036867E+00  1.28334702E+00  5.38977505E-01  9.96943560E-01  1.46533101E+00  7.12343705E-01  7.14606482E-01  1.46359227E+00  9.94870986E-01  5.44560762E-01  1.28239716E+00
  0.00000000E+00  2.16672443E-03  9.85264445E-01  1.93941720E+00  3.96047238E-01  5.25562102E-01  1.83378223E+00  8.96776170E-01  3.33374872E-01  1.45958379E+00  1.35118914E+00  3.71916720E-01  1.02057673E+00  1.60048287E+00  6.07361328E-01  6.61872004E-01  1.58585418E+00  9.60067002E-01  4.70428339E-01  1.35087839E+00  1.30101744E+00  4.81243911E-01  1.01380249E+00  1.50548215E+00  6.72168698E-01  7.07985762E-01  1.50027990E+00  9.71676823E-01  5.37390930E-01  1.30314335E+00  1.26935208E+00  5.41383642E-01  1.01109210E+00  1.44721659E+00  7.11262394E-01  7.34320116E-01  1.45119106E+00  9.79880003E-01  5.75397630E-01  1.27376822E+00  1.25186257E+00  5.77599684E-01  1.00474985E+00  1.41694521E+00  7.39133599E-01  7.46202853E-01  1.41586626E+00  9.95233976E-01  5.89765639E-01  1.25431694E+00
