# PIMCID: 90c3473b-d754-47ac-8e97-3e968a3d4b81
#    Number Bins
           67165
           67155
           64023
           28881
           48280
           15748
           67116
           67152
           66415
           66415
           23077
           67173
           53362
           42857
           65687
           48844
           66049
           67145
           26280
           28278
           20947
           39226
           67097
           12680
           62821
           20431
           67210
           54878
           67200
           67106
           65436
           66804
           66966
           66456
           43031
           67152
           48115
           67194
           14949
           14949
           56751
           67198
           18052
           36069
           42307
           67185
           41238
           47212
