# PIMCID: 70e3a439-024d-4062-bf5b-0640e6b539fb
#              K               V               E            E_mu             K/N             V/N             E/N               N             N^2         density
  9.24942114E+02 -2.74567657E+03 -1.82073446E+03 -1.60473446E+03  3.08314038E+01 -9.15225523E+01 -6.06911485E+01  3.00000000E+01  9.00000000E+02  3.11813766E-02
  9.25055304E+02 -2.74558724E+03 -1.82053193E+03 -1.60453193E+03  3.08351768E+01 -9.15195746E+01 -6.06843978E+01  3.00000000E+01  9.00000000E+02  3.11813766E-02
  9.25075300E+02 -2.74540765E+03 -1.82033235E+03 -1.60433235E+03  3.08358433E+01 -9.15135883E+01 -6.06777450E+01  3.00000000E+01  9.00000000E+02  3.11813766E-02
  9.24851538E+02 -2.74587596E+03 -1.82102442E+03 -1.60502442E+03  3.08283846E+01 -9.15291986E+01 -6.07008140E+01  3.00000000E+01  9.00000000E+02  3.11813766E-02
  9.23948455E+02 -2.74576797E+03 -1.82181951E+03 -1.60581951E+03  3.07982818E+01 -9.15255989E+01 -6.07273171E+01  3.00000000E+01  9.00000000E+02  3.11813766E-02
  9.24791241E+02 -2.74559550E+03 -1.82080426E+03 -1.60480426E+03  3.08263747E+01 -9.15198501E+01 -6.06934754E+01  3.00000000E+01  9.00000000E+02  3.11813766E-02
  9.23834673E+02 -2.74569028E+03 -1.82185560E+03 -1.60585560E+03  3.07944891E+01 -9.15230092E+01 -6.07285201E+01  3.00000000E+01  9.00000000E+02  3.11813766E-02
  9.24537059E+02 -2.74561318E+03 -1.82107612E+03 -1.60507612E+03  3.08179020E+01 -9.15204394E+01 -6.07025375E+01  3.00000000E+01  9.00000000E+02  3.11813766E-02
  9.23384976E+02 -2.74545858E+03 -1.82207360E+03 -1.60607360E+03  3.07794992E+01 -9.15152860E+01 -6.07357868E+01  3.00000000E+01  9.00000000E+02  3.11813766E-02
  9.23571616E+02 -2.74569673E+03 -1.82212511E+03 -1.60612511E+03  3.07857205E+01 -9.15232243E+01 -6.07375038E+01  3.00000000E+01  9.00000000E+02  3.11813766E-02
  9.24384657E+02 -2.74572936E+03 -1.82134471E+03 -1.60534471E+03  3.08128219E+01 -9.15243121E+01 -6.07114902E+01  3.00000000E+01  9.00000000E+02  3.11813766E-02
  9.25360514E+02 -2.74610702E+03 -1.82074651E+03 -1.60474651E+03  3.08453505E+01 -9.15369006E+01 -6.06915502E+01  3.00000000E+01  9.00000000E+02  3.11813766E-02
  9.25166344E+02 -2.74575173E+03 -1.82058539E+03 -1.60458539E+03  3.08388781E+01 -9.15250578E+01 -6.06861796E+01  3.00000000E+01  9.00000000E+02  3.11813766E-02
  9.24635579E+02 -2.74538536E+03 -1.82074978E+03 -1.60474978E+03  3.08211860E+01 -9.15128452E+01 -6.06916592E+01  3.00000000E+01  9.00000000E+02  3.11813766E-02
  9.25580033E+02 -2.74549755E+03 -1.81991752E+03 -1.60391752E+03  3.08526678E+01 -9.15165850E+01 -6.06639173E+01  3.00000000E+01  9.00000000E+02  3.11813766E-02
  9.24618718E+02 -2.74515698E+03 -1.82053826E+03 -1.60453826E+03  3.08206239E+01 -9.15052327E+01 -6.06846088E+01  3.00000000E+01  9.00000000E+02  3.11813766E-02
  9.24607679E+02 -2.74560164E+03 -1.82099396E+03 -1.60499396E+03  3.08202560E+01 -9.15200547E+01 -6.06997988E+01  3.00000000E+01  9.00000000E+02  3.11813766E-02
  9.24764695E+02 -2.74512805E+03 -1.82036335E+03 -1.60436335E+03  3.08254898E+01 -9.15042682E+01 -6.06787784E+01  3.00000000E+01  9.00000000E+02  3.11813766E-02
  9.24238583E+02 -2.74583210E+03 -1.82159352E+03 -1.60559352E+03  3.08079528E+01 -9.15277368E+01 -6.07197840E+01  3.00000000E+01  9.00000000E+02  3.11813766E-02
  9.25163062E+02 -2.74549017E+03 -1.82032710E+03 -1.60432710E+03  3.08387687E+01 -9.15163389E+01 -6.06775702E+01  3.00000000E+01  9.00000000E+02  3.11813766E-02
  9.24347386E+02 -2.74575794E+03 -1.82141055E+03 -1.60541055E+03  3.08115795E+01 -9.15252646E+01 -6.07136851E+01  3.00000000E+01  9.00000000E+02  3.11813766E-02
  9.25242750E+02 -2.74578895E+03 -1.82054620E+03 -1.60454620E+03  3.08414250E+01 -9.15262982E+01 -6.06848733E+01  3.00000000E+01  9.00000000E+02  3.11813766E-02
  9.22838625E+02 -2.74552975E+03 -1.82269112E+03 -1.60669112E+03  3.07612875E+01 -9.15176582E+01 -6.07563707E+01  3.00000000E+01  9.00000000E+02  3.11813766E-02
  9.24695845E+02 -2.74550791E+03 -1.82081207E+03 -1.60481207E+03  3.08231948E+01 -9.15169303E+01 -6.06937355E+01  3.00000000E+01  9.00000000E+02  3.11813766E-02
  9.24096375E+02 -2.74537841E+03 -1.82128203E+03 -1.60528203E+03  3.08032125E+01 -9.15126136E+01 -6.07094011E+01  3.00000000E+01  9.00000000E+02  3.11813766E-02
  9.25489124E+02 -2.74575122E+03 -1.82026209E+03 -1.60426209E+03  3.08496375E+01 -9.15250406E+01 -6.06754031E+01  3.00000000E+01  9.00000000E+02  3.11813766E-02
  9.25240597E+02 -2.74550191E+03 -1.82026131E+03 -1.60426131E+03  3.08413532E+01 -9.15167304E+01 -6.06753771E+01  3.00000000E+01  9.00000000E+02  3.11813766E-02
  9.25506671E+02 -2.74577713E+03 -1.82027046E+03 -1.60427046E+03  3.08502224E+01 -9.15259045E+01 -6.06756821E+01  3.00000000E+01  9.00000000E+02  3.11813766E-02
  9.25074777E+02 -2.74576329E+03 -1.82068852E+03 -1.60468852E+03  3.08358259E+01 -9.15254432E+01 -6.06896172E+01  3.00000000E+01  9.00000000E+02  3.11813766E-02
  9.25648143E+02 -2.74533603E+03 -1.81968789E+03 -1.60368789E+03  3.08549381E+01 -9.15112009E+01 -6.06562628E+01  3.00000000E+01  9.00000000E+02  3.11813766E-02
  9.24713412E+02 -2.74564328E+03 -1.82092986E+03 -1.60492986E+03  3.08237804E+01 -9.15214425E+01 -6.06976621E+01  3.00000000E+01  9.00000000E+02  3.11813766E-02
  9.24260134E+02 -2.74589845E+03 -1.82163832E+03 -1.60563832E+03  3.08086711E+01 -9.15299484E+01 -6.07212773E+01  3.00000000E+01  9.00000000E+02  3.11813766E-02
  9.24634392E+02 -2.74556730E+03 -1.82093291E+03 -1.60493291E+03  3.08211464E+01 -9.15189100E+01 -6.06977636E+01  3.00000000E+01  9.00000000E+02  3.11813766E-02
  9.24914766E+02 -2.74577938E+03 -1.82086461E+03 -1.60486461E+03  3.08304922E+01 -9.15259793E+01 -6.06954871E+01  3.00000000E+01  9.00000000E+02  3.11813766E-02
  9.26101578E+02 -2.74561511E+03 -1.81951353E+03 -1.60351353E+03  3.08700526E+01 -9.15205036E+01 -6.06504510E+01  3.00000000E+01  9.00000000E+02  3.11813766E-02
  9.24870919E+02 -2.74554561E+03 -1.82067469E+03 -1.60467469E+03  3.08290306E+01 -9.15181869E+01 -6.06891562E+01  3.00000000E+01  9.00000000E+02  3.11813766E-02
  9.23866878E+02 -2.74569347E+03 -1.82182659E+03 -1.60582659E+03  3.07955626E+01 -9.15231156E+01 -6.07275530E+01  3.00000000E+01  9.00000000E+02  3.11813766E-02
  9.24678875E+02 -2.74588848E+03 -1.82120961E+03 -1.60520961E+03  3.08226292E+01 -9.15296160E+01 -6.07069868E+01  3.00000000E+01  9.00000000E+02  3.11813766E-02
  9.24678875E+02 -2.74588848E+03 -1.82120961E+03 -1.60520961E+03  3.08226292E+01 -9.15296160E+01 -6.07069868E+01  3.00000000E+01  9.00000000E+02  3.11813766E-02
  9.24748856E+02 -2.74587508E+03 -1.82112623E+03 -1.60512623E+03  3.08249619E+01 -9.15291694E+01 -6.07042075E+01  3.00000000E+01  9.00000000E+02  3.11813766E-02
  9.24230784E+02 -2.74570143E+03 -1.82147064E+03 -1.60547064E+03  3.08076928E+01 -9.15233810E+01 -6.07156881E+01  3.00000000E+01  9.00000000E+02  3.11813766E-02
  9.23925341E+02 -2.74537483E+03 -1.82144949E+03 -1.60544949E+03  3.07975114E+01 -9.15124944E+01 -6.07149831E+01  3.00000000E+01  9.00000000E+02  3.11813766E-02
  9.24833019E+02 -2.74598751E+03 -1.82115449E+03 -1.60515449E+03  3.08277673E+01 -9.15329171E+01 -6.07051498E+01  3.00000000E+01  9.00000000E+02  3.11813766E-02
  9.23593066E+02 -2.74536347E+03 -1.82177040E+03 -1.60577040E+03  3.07864355E+01 -9.15121157E+01 -6.07256801E+01  3.00000000E+01  9.00000000E+02  3.11813766E-02
  9.24518785E+02 -2.74584283E+03 -1.82132405E+03 -1.60532405E+03  3.08172928E+01 -9.15280945E+01 -6.07108016E+01  3.00000000E+01  9.00000000E+02  3.11813766E-02
  9.23914553E+02 -2.74533056E+03 -1.82141600E+03 -1.60541600E+03  3.07971517E+01 -9.15110185E+01 -6.07138668E+01  3.00000000E+01  9.00000000E+02  3.11813766E-02
  9.25866029E+02 -2.74611777E+03 -1.82025174E+03 -1.60425174E+03  3.08622010E+01 -9.15372590E+01 -6.06750580E+01  3.00000000E+01  9.00000000E+02  3.11813766E-02
