# PIMCID: da03fbc4-8ec4-4b18-8380-d712af500267
#      0.000E+00       1.000E+00       2.000E+00       3.000E+00       4.000E+00       5.000E+00       6.000E+00       7.000E+00       8.000E+00       9.000E+00       1.000E+01       1.100E+01       1.200E+01       1.300E+01       1.400E+01       1.500E+01       1.600E+01       1.700E+01       1.800E+01       1.900E+01       2.000E+01       2.100E+01       2.200E+01       2.300E+01       2.400E+01       2.500E+01       2.600E+01       2.700E+01       2.800E+01       2.900E+01       3.000E+01       3.100E+01       3.200E+01       3.300E+01       3.400E+01       3.500E+01       3.600E+01       3.700E+01       3.800E+01       3.900E+01       4.000E+01       4.100E+01       4.200E+01       4.300E+01       4.400E+01       4.500E+01       4.600E+01       4.700E+01       4.800E+01       4.900E+01
  0.00000000E+00  2.19537427E-03  9.83223478E-01  1.94379763E+00  3.94384689E-01  5.23105462E-01  1.83552986E+00  8.98826063E-01  3.31354286E-01  1.45660913E+00  1.35730346E+00  3.70224357E-01  1.01381312E+00  1.60896201E+00  6.07384353E-01  6.55846170E-01  1.59014674E+00  9.60500751E-01  4.69225991E-01  1.34835395E+00  1.30331977E+00  4.83744953E-01  1.00947243E+00  1.50329829E+00  6.78941961E-01  7.06368942E-01  1.49327542E+00  9.80671659E-01  5.34891418E-01  1.29665187E+00  1.27755137E+00  5.40329204E-01  1.00241431E+00  1.45724443E+00  7.12300697E-01  7.25886631E-01  1.45310136E+00  9.89406800E-01  5.63802803E-01  1.27299285E+00  1.26581351E+00  5.67852410E-01  9.97520202E-01  1.43646044E+00  7.28679984E-01  7.33886319E-01  1.43389106E+00  9.94149133E-01  5.74871664E-01  1.26375458E+00
  0.00000000E+00  2.23572105E-03  9.85571228E-01  1.94033412E+00  3.94569882E-01  5.29530313E-01  1.82793324E+00  8.97519545E-01  3.40302318E-01  1.45428401E+00  1.34634664E+00  3.80651652E-01  1.02090494E+00  1.58999490E+00  6.14564438E-01  6.71326773E-01  1.57012396E+00  9.58907931E-01  4.90142346E-01  1.33873952E+00  1.28583985E+00  5.05604945E-01  1.01339128E+00  1.47731056E+00  6.91896536E-01  7.24422372E-01  1.47025474E+00  9.75478411E-01  5.63472010E-01  1.28401456E+00  1.25388130E+00  5.68956562E-01  1.00969988E+00  1.42166087E+00  7.28768935E-01  7.53268232E-01  1.41857724E+00  9.81822302E-01  6.05168616E-01  1.25357541E+00  1.23609858E+00  6.07027406E-01  1.00233574E+00  1.38919956E+00  7.56387777E-01  7.64139534E-01  1.38726026E+00  9.94124640E-01  6.20585753E-01  1.23512599E+00
  0.00000000E+00  2.16895663E-03  9.84123363E-01  1.94284725E+00  3.94429397E-01  5.24814357E-01  1.83341938E+00  8.98105667E-01  3.33068979E-01  1.45838750E+00  1.35362735E+00  3.71020972E-01  1.01650209E+00  1.60687667E+00  6.05415526E-01  6.60083188E-01  1.59012089E+00  9.54208897E-01  4.74007621E-01  1.35230884E+00  1.29404309E+00  4.86987118E-01  1.01657335E+00  1.49455321E+00  6.78313180E-01  7.14447677E-01  1.49180022E+00  9.71851337E-01  5.43508692E-01  1.30032283E+00  1.26264477E+00  5.49982235E-01  1.01090792E+00  1.43968295E+00  7.16932136E-01  7.40539865E-01  1.43856100E+00  9.82966367E-01  5.82390086E-01  1.26970120E+00  1.24763377E+00  5.83408884E-01  1.00597979E+00  1.41151332E+00  7.39676258E-01  7.49507565E-01  1.41422188E+00  9.93439321E-01  5.93564017E-01  1.25214238E+00
  0.00000000E+00  2.13819962E-03  9.84512690E-01  1.94173360E+00  3.94826451E-01  5.25681249E-01  1.83338082E+00  8.96405321E-01  3.34907119E-01  1.46020757E+00  1.34739247E+00  3.75038421E-01  1.02183193E+00  1.59836903E+00  6.06882987E-01  6.67192712E-01  1.58134525E+00  9.53722416E-01  4.83516736E-01  1.34769051E+00  1.28640737E+00  4.97728874E-01  1.01796543E+00  1.48104051E+00  6.86410510E-01  7.23315669E-01  1.47554916E+00  9.73858855E-01  5.57214727E-01  1.29052788E+00  1.25614838E+00  5.64025327E-01  1.01042410E+00  1.42446620E+00  7.26564875E-01  7.50901186E-01  1.42103962E+00  9.84018042E-01  5.99289241E-01  1.25781824E+00  1.23739027E+00  6.03687560E-01  1.00247439E+00  1.39444423E+00  7.52247854E-01  7.60802382E-01  1.39280294E+00  9.94354289E-01  6.13996289E-01  1.23964347E+00
  0.00000000E+00  2.16760473E-03  9.82879685E-01  1.94532368E+00  3.93233322E-01  5.21855305E-01  1.83870852E+00  8.96173443E-01  3.32099659E-01  1.45872154E+00  1.35422399E+00  3.70403740E-01  1.01769469E+00  1.60453139E+00  6.06459449E-01  6.60873421E-01  1.58816573E+00  9.56764384E-01  4.73146204E-01  1.34935971E+00  1.29923622E+00  4.84940928E-01  1.01390406E+00  1.49828641E+00  6.77803469E-01  7.12945240E-01  1.49173943E+00  9.71758529E-01  5.45608748E-01  1.29956185E+00  1.26174624E+00  5.50627087E-01  1.01079912E+00  1.43777184E+00  7.19252909E-01  7.41625559E-01  1.43611921E+00  9.84603830E-01  5.82093985E-01  1.26707265E+00  1.25017858E+00  5.83993910E-01  1.00314357E+00  1.41350639E+00  7.40466687E-01  7.48617105E-01  1.41278573E+00  9.94842727E-01  5.93955302E-01  1.25156053E+00
  0.00000000E+00  2.14573243E-03  9.83517111E-01  1.94362154E+00  3.94248805E-01  5.23248158E-01  1.83490762E+00  8.98931236E-01  3.31997974E-01  1.45738159E+00  1.35540053E+00  3.70750485E-01  1.01482805E+00  1.60760656E+00  6.07940815E-01  6.56118317E-01  1.58864019E+00  9.62662393E-01  4.67430867E-01  1.34859905E+00  1.30545325E+00  4.81323208E-01  1.00873071E+00  1.50807103E+00  6.75877034E-01  7.02156343E-01  1.50147578E+00  9.77410367E-01  5.32257255E-01  1.30112151E+00  1.27495882E+00  5.40486344E-01  1.00233370E+00  1.45661672E+00  7.13621175E-01  7.27471313E-01  1.45175927E+00  9.86730019E-01  5.67424274E-01  1.27452902E+00  1.25981966E+00  5.69901134E-01  1.00072741E+00  1.43074360E+00  7.30665671E-01  7.38212439E-01  1.42952865E+00  9.92056490E-01  5.82064551E-01  1.25982958E+00
  0.00000000E+00  2.16350780E-03  9.84161716E-01  1.94187433E+00  3.95111920E-01  5.23898756E-01  1.83347681E+00  9.00831834E-01  3.32394983E-01  1.45470461E+00  1.35784183E+00  3.70617931E-01  1.01436809E+00  1.60703150E+00  6.08263741E-01  6.55438824E-01  1.59062236E+00  9.59966563E-01  4.69832573E-01  1.34768838E+00  1.30436216E+00  4.82326960E-01  1.00896493E+00  1.50690424E+00  6.75480838E-01  7.06075896E-01  1.49848849E+00  9.76426614E-01  5.32960894E-01  1.30191523E+00  1.27501325E+00  5.39078281E-01  1.00412155E+00  1.45608925E+00  7.12945623E-01  7.25460929E-01  1.45499010E+00  9.86907068E-01  5.63937283E-01  1.27413616E+00  1.26636650E+00  5.64892334E-01  9.98372314E-01  1.43854281E+00  7.26501158E-01  7.33732828E-01  1.43795420E+00  9.90868060E-01  5.75299325E-01  1.26392780E+00
  0.00000000E+00  2.29108320E-03  9.86083129E-01  1.93906696E+00  3.95387205E-01  5.27195491E-01  1.83096670E+00  8.97479910E-01  3.37337231E-01  1.45659374E+00  1.34779804E+00  3.77061619E-01  1.02179267E+00  1.59479176E+00  6.09424330E-01  6.68233122E-01  1.57912276E+00  9.55458640E-01  4.82415235E-01  1.34817776E+00  1.28721164E+00  4.96179587E-01  1.01731553E+00  1.48464624E+00  6.83442544E-01  7.22406453E-01  1.47977780E+00  9.71727082E-01  5.55128603E-01  1.29472157E+00  1.25444962E+00  5.58664910E-01  1.01403048E+00  1.42994695E+00  7.19272942E-01  7.49425413E-01  1.43037623E+00  9.80626029E-01  5.90928276E-01  1.26416308E+00  1.24483227E+00  5.89425846E-01  1.00406556E+00  1.40963029E+00  7.40432992E-01  7.53052476E-01  1.40975408E+00  9.91194721E-01  6.00954213E-01  1.24887253E+00
  0.00000000E+00  2.15948884E-03  9.84909822E-01  1.94139408E+00  3.94667778E-01  5.27366573E-01  1.82940567E+00  8.99525732E-01  3.36264720E-01  1.45659595E+00  1.35011751E+00  3.75491292E-01  1.01868754E+00  1.59642511E+00  6.13495580E-01  6.64760474E-01  1.57446186E+00  9.64701498E-01  4.81267877E-01  1.33724134E+00  1.29778855E+00  4.97220557E-01  1.00920271E+00  1.48836787E+00  6.88438967E-01  7.17710900E-01  1.47490213E+00  9.80436500E-01  5.55925622E-01  1.28362349E+00  1.26219726E+00  5.64468345E-01  1.00452699E+00  1.42663537E+00  7.32606215E-01  7.44345589E-01  1.42066018E+00  9.90412832E-01  5.93966400E-01  1.25513335E+00  1.24535864E+00  5.98911356E-01  9.97588086E-01  1.40392280E+00  7.50444712E-01  7.52337618E-01  1.40177726E+00  9.94803801E-01  6.06702304E-01  1.24397705E+00
  0.00000000E+00  2.11140417E-03  9.84134649E-01  1.94316112E+00  3.94407797E-01  5.23735638E-01  1.83562761E+00  8.97209760E-01  3.33181940E-01  1.45933790E+00  1.34989012E+00  3.75852782E-01  1.01815017E+00  1.59670603E+00  6.13599442E-01  6.62515582E-01  1.57822066E+00  9.62278507E-01  4.79787730E-01  1.33990317E+00  1.29732173E+00  4.96320073E-01  1.00677933E+00  1.49190058E+00  6.89198775E-01  7.11977564E-01  1.48105718E+00  9.81417492E-01  5.48055306E-01  1.28995154E+00  1.26406957E+00  5.57672730E-01  1.00487971E+00  1.43531718E+00  7.27109999E-01  7.37407740E-01  1.42969727E+00  9.93430828E-01  5.82816162E-01  1.25948262E+00  1.25298746E+00  5.89962325E-01  9.97607261E-01  1.41171853E+00  7.46629989E-01  7.46198077E-01  1.40882865E+00  9.97899049E-01  5.96088528E-01  1.24973806E+00
  0.00000000E+00  2.16253079E-03  9.81330996E-01  1.94628755E+00  3.94107129E-01  5.21699307E-01  1.83545997E+00  9.01003870E-01  3.28905363E-01  1.45869192E+00  1.35781875E+00  3.68429383E-01  1.01356464E+00  1.61228469E+00  6.05070268E-01  6.52926859E-01  1.59438660E+00  9.60824261E-01  4.64806498E-01  1.34995951E+00  1.30702482E+00  4.80469749E-01  1.00643756E+00  1.51151700E+00  6.74395156E-01  7.02133594E-01  1.50077864E+00  9.78646620E-01  5.30804497E-01  1.30281951E+00  1.27461020E+00  5.37413184E-01  1.00621165E+00  1.45734857E+00  7.09651800E-01  7.26547578E-01  1.45636781E+00  9.84062762E-01  5.65624313E-01  1.27701326E+00  1.26081859E+00  5.68616346E-01  9.99019049E-01  1.43574888E+00  7.27613252E-01  7.36511153E-01  1.43360815E+00  9.92175207E-01  5.76012093E-01  1.26361224E+00
  0.00000000E+00  2.15586895E-03  9.85023673E-01  1.94187660E+00  3.94463620E-01  5.23402474E-01  1.83662853E+00  8.97104024E-01  3.30219756E-01  1.46139578E+00  1.35278033E+00  3.70151375E-01  1.01722938E+00  1.60767738E+00  6.03617077E-01  6.61104142E-01  1.59101262E+00  9.53623835E-01  4.75286637E-01  1.35037700E+00  1.29308866E+00  4.90228794E-01  1.01591680E+00  1.49221297E+00  6.80678020E-01  7.16322905E-01  1.48629072E+00  9.71640755E-01  5.49510143E-01  1.29943838E+00  1.25433505E+00  5.58991228E-01  1.01290227E+00  1.42604803E+00  7.26242234E-01  7.49806177E-01  1.42173308E+00  9.86307658E-01  5.94450020E-01  1.26057323E+00  1.23940084E+00  5.96644535E-01  1.00861220E+00  1.39570473E+00  7.47341223E-01  7.61788540E-01  1.39709308E+00  9.92156545E-01  6.11930285E-01  1.24081411E+00
  0.00000000E+00  2.15868866E-03  9.85212059E-01  1.94042771E+00  3.95677183E-01  5.26749707E-01  1.82892121E+00  9.00769750E-01  3.36934897E-01  1.45235629E+00  1.35391892E+00  3.75715913E-01  1.01377904E+00  1.60205415E+00  6.13055050E-01  6.60857461E-01  1.57711906E+00  9.66506822E-01  4.76556230E-01  1.33770769E+00  1.30440161E+00  4.92388959E-01  1.00479728E+00  1.49745231E+00  6.86833716E-01  7.07368355E-01  1.48528337E+00  9.84205147E-01  5.43558164E-01  1.28778162E+00  1.27078325E+00  5.56112179E-01  9.99864105E-01  1.44006689E+00  7.28135058E-01  7.35287809E-01  1.42888527E+00  9.95101138E-01  5.84241029E-01  1.25359883E+00  1.25771629E+00  5.89437254E-01  9.95502245E-01  1.41370166E+00  7.45081574E-01  7.46981572E-01  1.41090396E+00  9.93425971E-01  5.98664485E-01  1.24929438E+00
  0.00000000E+00  2.18710871E-03  9.83368906E-01  1.94375156E+00  3.94298017E-01  5.25366930E-01  1.83136028E+00  8.98967923E-01  3.36466478E-01  1.45387141E+00  1.35251745E+00  3.76594410E-01  1.01549705E+00  1.60006843E+00  6.11744035E-01  6.61675876E-01  1.58171355E+00  9.60078383E-01  4.76981540E-01  1.34773964E+00  1.29188763E+00  4.94458957E-01  1.01349676E+00  1.48962761E+00  6.84502303E-01  7.15393582E-01  1.48238305E+00  9.77340601E-01  5.48706812E-01  1.29342887E+00  1.26359295E+00  5.52322202E-01  1.00950420E+00  1.43914338E+00  7.18645813E-01  7.39212033E-01  1.43842655E+00  9.85186576E-01  5.80646939E-01  1.26863858E+00  1.25015466E+00  5.83155200E-01  1.00413566E+00  1.41190333E+00  7.41256237E-01  7.49816851E-01  1.41152481E+00  9.94686142E-01  5.96137130E-01  1.24976895E+00
  0.00000000E+00  2.31037309E-03  1.03032653E+00  1.91011950E+00  3.55037292E-01  5.87808290E-01  1.84994822E+00  8.02019840E-01  3.81850327E-01  1.54778899E+00  1.21931484E+00  3.72900547E-01  1.17001627E+00  1.48465731E+00  5.34972892E-01  8.34087780E-01  1.54378824E+00  8.05882984E-01  6.16891737E-01  1.42111697E+00  1.09053096E+00  5.52778264E-01  1.19117157E+00  1.29895958E+00  6.34056407E-01  9.49159263E-01  1.37178349E+00  8.15474835E-01  7.71151827E-01  1.30787831E+00  1.02540057E+00  6.99582711E-01  1.15665709E+00  1.18324168E+00  7.44555116E-01  9.86497881E-01  1.23699386E+00  8.75178275E-01  8.59242983E-01  1.18718481E+00  1.02773171E+00  8.12955312E-01  1.07205683E+00  1.13750765E+00  8.56936871E-01  9.51320839E-01  1.15440551E+00  9.65483596E-01  8.78072165E-01  1.08377370E+00
  0.00000000E+00  2.08219147E-03  9.83107400E-01  1.94426464E+00  3.94300016E-01  5.22869411E-01  1.83451906E+00  8.99991291E-01  3.32134590E-01  1.45670786E+00  1.35535374E+00  3.71720568E-01  1.01500136E+00  1.60623469E+00  6.08714475E-01  6.57471843E-01  1.58656405E+00  9.61096671E-01  4.73467265E-01  1.34448161E+00  1.30234291E+00  4.87093312E-01  1.00934972E+00  1.49997336E+00  6.79195618E-01  7.10523867E-01  1.49095105E+00  9.77462850E-01  5.40537116E-01  1.29741176E+00  1.26793548E+00  5.47060546E-01  1.00938759E+00  1.44389110E+00  7.15450561E-01  7.37312890E-01  1.44301804E+00  9.83559068E-01  5.77156689E-01  1.27222571E+00  1.24968099E+00  5.80556208E-01  1.00544270E+00  1.41529141E+00  7.38702106E-01  7.47094050E-01  1.41649137E+00  9.91895039E-01  5.94471310E-01  1.25178619E+00
  0.00000000E+00  2.10272314E-03  9.83891552E-01  1.94376673E+00  3.92900372E-01  5.25903600E-01  1.83303415E+00  8.97918470E-01  3.35087090E-01  1.45577915E+00  1.35334718E+00  3.73884699E-01  1.01698998E+00  1.60129727E+00  6.10418103E-01  6.61255345E-01  1.58244311E+00  9.59501674E-01  4.78197148E-01  1.34602846E+00  1.29255126E+00  4.95247968E-01  1.01259733E+00  1.48966621E+00  6.84849330E-01  7.16632285E-01  1.48207142E+00  9.74215409E-01  5.54122286E-01  1.28934198E+00  1.26017245E+00  5.61035006E-01  1.00467760E+00  1.43614001E+00  7.25223262E-01  7.37413378E-01  1.43411837E+00  9.87926936E-01  5.82597737E-01  1.26407449E+00  1.25124167E+00  5.86474921E-01  9.99852800E-01  1.41554277E+00  7.40488564E-01  7.45800889E-01  1.41670053E+00  9.92363980E-01  5.94121768E-01  1.25232393E+00
  0.00000000E+00  2.16865148E-03  9.89654295E-01  1.93257949E+00  3.98774682E-01  5.31239707E-01  1.82142560E+00  9.01013733E-01  3.45002634E-01  1.45099934E+00  1.34143870E+00  3.88454285E-01  1.02212202E+00  1.57967755E+00  6.20348274E-01  6.77967138E-01  1.56022212E+00  9.58157398E-01  5.00717360E-01  1.33040184E+00  1.28202374E+00  5.15533973E-01  1.01601483E+00  1.46070554E+00  7.02297118E-01  7.38301538E-01  1.44584461E+00  9.78672422E-01  5.86652021E-01  1.26345807E+00  1.24377834E+00  5.96429645E-01  1.00371617E+00  1.39881386E+00  7.45259054E-01  7.67113346E-01  1.39129443E+00  9.86239385E-01  6.28929099E-01  1.23299045E+00  1.22399442E+00  6.35490808E-01  9.96828021E-01  1.36918089E+00  7.73202554E-01  7.72759728E-01  1.36433550E+00  1.00038257E+00  6.36391619E-01  1.22433473E+00
  0.00000000E+00  2.06856825E-03  9.80968757E-01  1.94885093E+00  3.91222390E-01  5.21344881E-01  1.83869454E+00  8.98969578E-01  3.28355006E-01  1.45916861E+00  1.35828032E+00  3.67283269E-01  1.01469229E+00  1.61195402E+00  6.04841535E-01  6.55376388E-01  1.59153424E+00  9.59058169E-01  4.69473930E-01  1.35133601E+00  1.29796608E+00  4.87220942E-01  1.01317231E+00  1.49712798E+00  6.78645276E-01  7.13425720E-01  1.48930964E+00  9.72856922E-01  5.47206950E-01  1.29768689E+00  1.25957651E+00  5.53859579E-01  1.01231245E+00  1.43374503E+00  7.19926815E-01  7.45153698E-01  1.43238656E+00  9.82474531E-01  5.89712467E-01  1.26326240E+00  1.24613967E+00  5.90391220E-01  1.00418512E+00  1.40333152E+00  7.47318493E-01  7.54162429E-01  1.40291868E+00  9.94938865E-01  6.03949671E-01  1.24549548E+00
  0.00000000E+00  2.06090894E-03  9.80650806E-01  1.94833426E+00  3.92311208E-01  5.19310824E-01  1.84123348E+00  8.99132069E-01  3.26440572E-01  1.45906024E+00  1.36365425E+00  3.61614984E-01  1.01139544E+00  1.62036363E+00  6.00086423E-01  6.52089242E-01  1.59753979E+00  9.61074805E-01  4.61124495E-01  1.35310233E+00  1.30919706E+00  4.75657711E-01  1.00654814E+00  1.51653661E+00  6.71033302E-01  6.99859189E-01  1.50687432E+00  9.75548935E-01  5.27359118E-01  1.30676106E+00  1.27539118E+00  5.32826756E-01  1.00682399E+00  1.46270438E+00  7.05633863E-01  7.25366408E-01  1.46096745E+00  9.80993365E-01  5.66109901E-01  1.27757560E+00  1.26144107E+00  5.65503801E-01  1.00345115E+00  1.43264743E+00  7.26899026E-01  7.36573552E-01  1.43575638E+00  9.91230921E-01  5.75555627E-01  1.26392626E+00
  0.00000000E+00  1.98262622E-03  9.79521668E-01  1.94843685E+00  3.93982946E-01  5.16562842E-01  1.84216939E+00  9.01848084E-01  3.22286852E-01  1.46061115E+00  1.36540774E+00  3.58402816E-01  1.01498077E+00  1.62190252E+00  5.96901471E-01  6.46183420E-01  1.60975475E+00  9.55482694E-01  4.55280450E-01  1.36362466E+00  1.30654724E+00  4.68001401E-01  1.01450010E+00  1.51628651E+00  6.66084756E-01  7.05197390E-01  1.50601030E+00  9.71418040E-01  5.33655252E-01  1.30738533E+00  1.26322066E+00  5.44050893E-01  1.01455748E+00  1.44160837E+00  7.12144569E-01  7.44599998E-01  1.43804871E+00  9.79508275E-01  5.85572266E-01  1.27117746E+00  1.24138081E+00  5.89580277E-01  1.00171428E+00  1.41167324E+00  7.43845823E-01  7.46690872E-01  1.41201175E+00  9.95915810E-01  5.96847654E-01  1.24877413E+00
  0.00000000E+00  2.10650834E-03  9.83893854E-01  1.94363030E+00  3.93240024E-01  5.25614719E-01  1.83209525E+00  8.99477284E-01  3.35117090E-01  1.45542946E+00  1.35194177E+00  3.74939181E-01  1.02023648E+00  1.59687451E+00  6.09545646E-01  6.67000394E-01  1.57840589E+00  9.57615514E-01  4.83708837E-01  1.34417525E+00  1.28968331E+00  4.96520291E-01  1.01624994E+00  1.48404347E+00  6.85301166E-01  7.22057031E-01  1.47679374E+00  9.74505803E-01  5.57109871E-01  1.28841171E+00  1.25798175E+00  5.63715945E-01  1.00756527E+00  1.42741144E+00  7.27973247E-01  7.47728126E-01  1.42132031E+00  9.88494047E-01  5.94141658E-01  1.25688848E+00  1.24332114E+00  5.97638475E-01  1.00131397E+00  1.40265919E+00  7.48189100E-01  7.54369706E-01  1.40296671E+00  9.94456187E-01  6.04700471E-01  1.24477382E+00
  0.00000000E+00  2.25528973E-03  9.84517656E-01  1.94131436E+00  3.95066275E-01  5.26745625E-01  1.83130856E+00  8.96806095E-01  3.38243399E-01  1.45713025E+00  1.34653556E+00  3.77635952E-01  1.01872360E+00  1.59755791E+00  6.11055057E-01  6.64895387E-01  1.57966003E+00  9.59056722E-01  4.80569339E-01  1.34313499E+00  1.29507222E+00  4.93457263E-01  1.01184738E+00  1.49142714E+00  6.84271144E-01  7.16098575E-01  1.48039980E+00  9.80064066E-01  5.48355917E-01  1.28957646E+00  1.26650253E+00  5.56134188E-01  1.00451239E+00  1.43621930E+00  7.26271564E-01  7.38176640E-01  1.42979958E+00  9.92475581E-01  5.83177059E-01  1.26028132E+00  1.25382854E+00  5.87492107E-01  9.97574759E-01  1.41391371E+00  7.44691252E-01  7.46316765E-01  1.41123074E+00  9.96507634E-01  5.95181453E-01  1.25026420E+00
  0.00000000E+00  2.17345160E-03  9.85581962E-01  1.93994087E+00  3.95758156E-01  5.29464408E-01  1.82534379E+00  8.99768655E-01  3.40732444E-01  1.45340238E+00  1.34596707E+00  3.80836555E-01  1.02358433E+00  1.58637543E+00  6.13801835E-01  6.75704079E-01  1.56852797E+00  9.54114421E-01  4.94991408E-01  1.34132186E+00  1.27944046E+00  5.07917077E-01  1.02004327E+00  1.47051702E+00  6.89810035E-01  7.34573699E-01  1.46363246E+00  9.68703030E-01  5.72101559E-01  1.28742868E+00  1.24098419E+00  5.76003778E-01  1.01987056E+00  1.40584553E+00  7.29262439E-01  7.65478420E-01  1.41147234E+00  9.75443547E-01  6.15049466E-01  1.25560313E+00  1.22183421E+00  6.15316314E-01  1.01318778E+00  1.37343656E+00  7.57388939E-01  7.75822594E-01  1.37709657E+00  9.91244093E-01  6.32299990E-01  1.22913451E+00
  0.00000000E+00  2.20417355E-03  9.85519296E-01  1.93967956E+00  3.96124591E-01  5.25887431E-01  1.83112877E+00  8.98721850E-01  3.34961537E-01  1.45895541E+00  1.34858968E+00  3.75004504E-01  1.01803205E+00  1.60144999E+00  6.08577266E-01  6.59886912E-01  1.58880811E+00  9.56337902E-01  4.72699913E-01  1.35215249E+00  1.29584096E+00  4.86086776E-01  1.01341029E+00  1.49957143E+00  6.77209196E-01  7.07938758E-01  1.49837662E+00  9.74696381E-01  5.35374680E-01  1.30152500E+00  1.27340038E+00  5.38804705E-01  1.00625628E+00  1.45644577E+00  7.09101585E-01  7.28534007E-01  1.45514329E+00  9.85367551E-01  5.63081268E-01  1.27848242E+00  1.26323797E+00  5.64311720E-01  9.99886750E-01  1.43748006E+00  7.27957292E-01  7.33232138E-01  1.43636308E+00  9.94548751E-01  5.70873789E-01  1.26607300E+00
  0.00000000E+00  2.06443856E-03  9.84251877E-01  1.94260730E+00  3.95410777E-01  5.19424384E-01  1.83816285E+00  9.01068843E-01  3.27657354E-01  1.45828107E+00  1.36029042E+00  3.65630092E-01  1.01343265E+00  1.61442616E+00  6.04492724E-01  6.52083456E-01  1.59592081E+00  9.59101885E-01  4.63357013E-01  1.35308390E+00  1.30646551E+00  4.77266576E-01  1.01174433E+00  1.51073328E+00  6.70456051E-01  7.02483804E-01  1.50547568E+00  9.76923403E-01  5.26273557E-01  1.30407195E+00  1.28044562E+00  5.31308893E-01  1.00585591E+00  1.46279673E+00  7.05896888E-01  7.24785348E-01  1.46139791E+00  9.83968517E-01  5.58559519E-01  1.28497485E+00  1.25914329E+00  5.62884644E-01  1.00649557E+00  1.43198788E+00  7.27846915E-01  7.34411869E-01  1.43703315E+00  9.92854891E-01  5.71408765E-01  1.26663403E+00
  0.00000000E+00  2.02335250E-03  9.83638613E-01  1.94327391E+00  3.94714547E-01  5.21942838E-01  1.83702396E+00  8.98975582E-01  3.30233772E-01  1.45867725E+00  1.35610782E+00  3.69177692E-01  1.01427817E+00  1.61121752E+00  6.05151006E-01  6.54830019E-01  1.59196255E+00  9.59953839E-01  4.67828195E-01  1.35213298E+00  1.30090057E+00  4.81174243E-01  1.01339553E+00  1.50430451E+00  6.74270262E-01  7.06643160E-01  1.50006802E+00  9.74717156E-01  5.34064499E-01  1.30319521E+00  1.27147565E+00  5.40300062E-01  1.00887532E+00  1.45108700E+00  7.10430747E-01  7.33565760E-01  1.44952177E+00  9.83396108E-01  5.69984842E-01  1.27644671E+00  1.25681446E+00  5.71623773E-01  1.00129208E+00  1.43030498E+00  7.30224106E-01  7.39188319E-01  1.42884314E+00  9.92621088E-01  5.81549410E-01  1.25991125E+00
  0.00000000E+00  2.16860715E-03  9.84216586E-01  1.94297907E+00  3.93860140E-01  5.24891641E-01  1.83364267E+00  8.97652563E-01  3.35710284E-01  1.45514528E+00  1.35258369E+00  3.73885357E-01  1.01746451E+00  1.60327620E+00  6.07519532E-01  6.61655441E-01  1.58633170E+00  9.56064862E-01  4.75867805E-01  1.35057877E+00  1.29321428E+00  4.88747582E-01  1.01504103E+00  1.49526304E+00  6.79363172E-01  7.13409205E-01  1.48820854E+00  9.76452085E-01  5.43948924E-01  1.29627733E+00  1.26580681E+00  5.50762528E-01  1.00750400E+00  1.44160394E+00  7.19376934E-01  7.36957703E-01  1.43752667E+00  9.88790348E-01  5.79347712E-01  1.26437190E+00  1.25397480E+00  5.84055450E-01  1.00109196E+00  1.41461221E+00  7.40317225E-01  7.48602295E-01  1.41263214E+00  9.94285832E-01  5.95575045E-01  1.25071794E+00
  0.00000000E+00  2.23460079E-03  9.83893674E-01  1.94251358E+00  3.94853758E-01  5.23926035E-01  1.83395883E+00  8.98837668E-01  3.33664833E-01  1.45598239E+00  1.35458128E+00  3.72902201E-01  1.01605353E+00  1.60354016E+00  6.09532164E-01  6.58923367E-01  1.58646623E+00  9.58596426E-01  4.74095058E-01  1.34955467E+00  1.29551075E+00  4.88343130E-01  1.01537048E+00  1.49310136E+00  6.79718209E-01  7.15701420E-01  1.48871928E+00  9.72995807E-01  5.45318872E-01  1.29831425E+00  1.26322365E+00  5.49818059E-01  1.01006725E+00  1.44156033E+00  7.15994876E-01  7.39542857E-01  1.44101014E+00  9.82434084E-01  5.81190135E-01  1.26873646E+00  1.24987278E+00  5.83555629E-01  1.00237303E+00  1.41472174E+00  7.41027831E-01  7.46293063E-01  1.41408931E+00  9.95318872E-01  5.92046438E-01  1.25325278E+00
  0.00000000E+00  2.10645042E-03  9.85896324E-01  1.94075375E+00  3.94135115E-01  5.24575320E-01  1.83456443E+00  8.98295964E-01  3.32426087E-01  1.46031840E+00  1.35060848E+00  3.71736836E-01  1.02235874E+00  1.59958365E+00  6.05465972E-01  6.67043606E-01  1.58274631E+00  9.54495200E-01  4.80008168E-01  1.34817345E+00  1.29060531E+00  4.93388756E-01  1.01624785E+00  1.48903746E+00  6.82908556E-01  7.16558220E-01  1.48182247E+00  9.76814849E-01  5.51199528E-01  1.29244664E+00  1.26111701E+00  5.55901639E-01  1.00919822E+00  1.43510472E+00  7.21130687E-01  7.39767419E-01  1.43842930E+00  9.83131089E-01  5.83571424E-01  1.26820709E+00  1.24610667E+00  5.86279875E-01  1.00151177E+00  1.41709216E+00  7.38018850E-01  7.47893225E-01  1.41717928E+00  9.90525251E-01  5.95655446E-01  1.25119032E+00
  1.40196491E-06  2.07091786E-03  9.83265751E-01  1.94323074E+00  3.95064257E-01  5.25256757E-01  1.83267862E+00  8.97622663E-01  3.36740468E-01  1.45667813E+00  1.34936890E+00  3.75894975E-01  1.01814811E+00  1.59782559E+00  6.12278445E-01  6.62685661E-01  1.57819919E+00  9.62999414E-01  4.80147961E-01  1.34075397E+00  1.29618098E+00  4.95396235E-01  1.00943382E+00  1.49027860E+00  6.88003278E-01  7.15024355E-01  1.47846772E+00  9.81104317E-01  5.52213415E-01  1.28687631E+00  1.26198425E+00  5.61766584E-01  1.00675032E+00  1.42723439E+00  7.29697319E-01  7.47493251E-01  1.41885510E+00  9.90813966E-01  5.95262257E-01  1.25305596E+00  1.24568842E+00  5.99436446E-01  1.00130034E+00  1.39627811E+00  7.53584105E-01  7.56795719E-01  1.39531305E+00  9.97556986E-01  6.08961468E-01  1.24161434E+00
  0.00000000E+00  2.18139842E-03  9.81636148E-01  1.94602925E+00  3.93754820E-01  5.22018355E-01  1.83690999E+00  8.98952764E-01  3.30130011E-01  1.45897082E+00  1.35575903E+00  3.69704503E-01  1.01499483E+00  1.60811704E+00  6.08189606E-01  6.54910561E-01  1.58998348E+00  9.62384009E-01  4.66228269E-01  1.34954842E+00  1.30582168E+00  4.79940829E-01  1.00928689E+00  1.50904687E+00  6.74005759E-01  7.02852460E-01  1.50245514E+00  9.75921139E-01  5.30533941E-01  1.30571627E+00  1.27334989E+00  5.36345318E-01  1.00868696E+00  1.45680623E+00  7.06365569E-01  7.31470949E-01  1.45688716E+00  9.77766216E-01  5.70304294E-01  1.27824871E+00  1.25555965E+00  5.71042282E-01  1.00487128E+00  1.42538562E+00  7.30851160E-01  7.45141142E-01  1.42309733E+00  9.90895682E-01  5.88897506E-01  1.25537610E+00
  0.00000000E+00  2.22889742E-03  9.84664348E-01  1.94108837E+00  3.95442697E-01  5.24845954E-01  1.83287921E+00  8.98733742E-01  3.35039501E-01  1.45702341E+00  1.34976578E+00  3.75908859E-01  1.01940525E+00  1.59708834E+00  6.10037402E-01  6.65314526E-01  1.58022623E+00  9.58507852E-01  4.77860220E-01  1.34909861E+00  1.29184614E+00  4.91419684E-01  1.01746487E+00  1.48842424E+00  6.82587122E-01  7.17873020E-01  1.48115753E+00  9.77379261E-01  5.48931968E-01  1.29265085E+00  1.26391239E+00  5.54936276E-01  1.00778862E+00  1.43602767E+00  7.21567399E-01  7.41782691E-01  1.43420889E+00  9.85200600E-01  5.83366950E-01  1.26527472E+00  1.25101996E+00  5.85037608E-01  1.00153058E+00  1.41518470E+00  7.40938691E-01  7.45713283E-01  1.41504958E+00  9.95179405E-01  5.91937632E-01  1.25278180E+00
  0.00000000E+00  2.16009001E-03  9.83458049E-01  1.94402261E+00  3.94052700E-01  5.23832889E-01  1.83467130E+00  8.97871201E-01  3.32386118E-01  1.45954432E+00  1.35143755E+00  3.71167984E-01  1.02123750E+00  1.60273622E+00  6.04219732E-01  6.64556219E-01  1.58697239E+00  9.53567325E-01  4.77239831E-01  1.35303272E+00  1.28807212E+00  4.90577353E-01  1.02039238E+00  1.48861356E+00  6.77104334E-01  7.23763845E-01  1.48464523E+00  9.67096784E-01  5.54362384E-01  1.29872648E+00  1.25161564E+00  5.58971287E-01  1.01584730E+00  1.42687680E+00  7.20740403E-01  7.50707026E-01  1.42857740E+00  9.79911234E-01  5.93939968E-01  1.26395513E+00  1.24033228E+00  5.94739516E-01  1.00421128E+00  1.40303627E+00  7.46418025E-01  7.54899617E-01  1.40278862E+00  9.93959952E-01  6.05779029E-01  1.24450534E+00
  0.00000000E+00  2.14536689E-03  9.83085866E-01  1.94401286E+00  3.94543912E-01  5.24145207E-01  1.83456069E+00  8.96923990E-01  3.34847241E-01  1.45838969E+00  1.34996906E+00  3.74276359E-01  1.01828344E+00  1.60116101E+00  6.08854500E-01  6.62142841E-01  1.58326868E+00  9.59580836E-01  4.75730615E-01  1.34623439E+00  1.29741873E+00  4.89398002E-01  1.01218474E+00  1.49618114E+00  6.80379082E-01  7.11298517E-01  1.48934531E+00  9.78517777E-01  5.41703395E-01  1.29452477E+00  1.27097476E+00  5.47888346E-01  1.00231265E+00  1.44984632E+00  7.17890819E-01  7.29519565E-01  1.44674382E+00  9.88308827E-01  5.71351284E-01  1.26902422E+00  1.26088512E+00  5.73773366E-01  9.98625197E-01  1.42838047E+00  7.33921294E-01  7.38456133E-01  1.42715217E+00  9.92811286E-01  5.83820956E-01  1.25853870E+00
  0.00000000E+00  2.32162213E-03  9.83243153E-01  1.94393241E+00  3.93479276E-01  5.25344352E-01  1.83447830E+00  8.95486719E-01  3.36318571E-01  1.45683703E+00  1.35140534E+00  3.73495145E-01  1.01655453E+00  1.60603607E+00  6.04958150E-01  6.61531116E-01  1.58981740E+00  9.52727156E-01  4.75842245E-01  1.35310017E+00  1.29277906E+00  4.85404081E-01  1.02039190E+00  1.49339848E+00  6.73577056E-01  7.19081319E-01  1.49043906E+00  9.69573234E-01  5.45052745E-01  1.30473421E+00  1.25868674E+00  5.46282644E-01  1.01749802E+00  1.44063898E+00  7.10317644E-01  7.43778649E-01  1.44421592E+00  9.75789388E-01  5.82398281E-01  1.27450909E+00  1.24272475E+00  5.82597975E-01  1.00964945E+00  1.41157028E+00  7.36434342E-01  7.52354755E-01  1.41346408E+00  9.91526702E-01  5.95914379E-01  1.25164136E+00
  0.00000000E+00  2.19572072E-03  9.83959076E-01  1.94238632E+00  3.96541908E-01  5.20140908E-01  1.83489669E+00  9.04469171E-01  3.26461162E-01  1.45552864E+00  1.36267358E+00  3.67846753E-01  1.00875727E+00  1.61655687E+00  6.05059599E-01  6.48262081E-01  1.59978408E+00  9.61913432E-01  4.60550025E-01  1.35102912E+00  1.31043408E+00  4.76528717E-01  1.00534171E+00  1.51798027E+00  6.71576130E-01  6.93737245E-01  1.50926766E+00  9.82103084E-01  5.20081043E-01  1.30202062E+00  1.28970044E+00  5.28572823E-01  9.96007560E-01  1.47600756E+00  7.05191396E-01  7.11273433E-01  1.47125580E+00  9.90205150E-01  5.44362574E-01  1.28576017E+00  1.27792022E+00  5.47966660E-01  9.96737712E-01  1.45816169E+00  7.15130644E-01  7.21377605E-01  1.45515460E+00  9.93364449E-01  5.54314599E-01  1.27678527E+00
  0.00000000E+00  2.22850550E-03  9.83138357E-01  1.94473692E+00  3.92875460E-01  5.23552581E-01  1.83707664E+00  8.95989046E-01  3.32901872E-01  1.46081794E+00  1.34940164E+00  3.73247119E-01  1.01853541E+00  1.60126461E+00  6.09175807E-01  6.61770410E-01  1.58482742E+00  9.58327620E-01  4.75643021E-01  1.34707691E+00  1.29646179E+00  4.90142680E-01  1.01286223E+00  1.49379098E+00  6.82799811E-01  7.12559295E-01  1.48510833E+00  9.79828211E-01  5.44169120E-01  1.29354599E+00  1.26848726E+00  5.49773357E-01  1.00621283E+00  1.44296273E+00  7.19871082E-01  7.34241183E-01  1.44052927E+00  9.89296551E-01  5.73864159E-01  1.26826495E+00  1.25893582E+00  5.76947941E-01  9.97987433E-01  1.42654751E+00  7.35323436E-01  7.39921348E-01  1.42386143E+00  9.94850300E-01  5.83605127E-01  1.25799388E+00
  0.00000000E+00  2.19114490E-03  9.84321224E-01  1.94206955E+00  3.94766327E-01  5.26313368E-01  1.83107611E+00  8.98648935E-01  3.35779898E-01  1.45545848E+00  1.35173031E+00  3.75205887E-01  1.01707636E+00  1.60130902E+00  6.09981775E-01  6.60774125E-01  1.58293700E+00  9.61220293E-01  4.75886272E-01  1.34333031E+00  1.29936221E+00  4.91818701E-01  1.00825013E+00  1.49604902E+00  6.85762568E-01  7.10411799E-01  1.48180111E+00  9.84219376E-01  5.45252213E-01  1.28579377E+00  1.27384415E+00  5.53647592E-01  9.99582804E-01  1.44358461E+00  7.24206016E-01  7.32104569E-01  1.43716625E+00  9.92899219E-01  5.75753661E-01  1.26472859E+00  1.25784448E+00  5.80725815E-01  9.97678471E-01  1.42013196E+00  7.42279004E-01  7.41337922E-01  1.41696393E+00  9.97114190E-01  5.88794205E-01  1.25414860E+00
  0.00000000E+00  2.18887582E-03  9.84110823E-01  1.94252223E+00  3.94882679E-01  5.22783343E-01  1.83467800E+00  9.00300005E-01  3.32636686E-01  1.45398147E+00  1.35710310E+00  3.72948182E-01  1.01208631E+00  1.60806796E+00  6.08349646E-01  6.55416650E-01  1.59052176E+00  9.60461239E-01  4.68930482E-01  1.34994171E+00  1.30142583E+00  4.84387756E-01  1.01162408E+00  1.50136427E+00  6.76638142E-01  7.10269903E-01  1.49513798E+00  9.72397944E-01  5.41432543E-01  1.30257975E+00  1.26092566E+00  5.49219829E-01  1.01282056E+00  1.43963420E+00  7.15420750E-01  7.42061979E-01  1.43841584E+00  9.82100102E-01  5.82344365E-01  1.27032321E+00  1.24693004E+00  5.83421634E-01  1.00590520E+00  1.41187641E+00  7.40863694E-01  7.48897654E-01  1.41215551E+00  9.95754688E-01  5.92577925E-01  1.25251472E+00
  0.00000000E+00  1.92094313E-03  9.86457081E-01  1.93809948E+00  3.96072584E-01  5.35454616E-01  1.81733819E+00  9.01391971E-01  3.48028202E-01  1.45297542E+00  1.32877254E+00  3.94928340E-01  1.03720527E+00  1.55625674E+00  6.24393204E-01  6.96925181E-01  1.54998921E+00  9.41736400E-01  5.26454770E-01  1.33678995E+00  1.23991640E+00  5.40875713E-01  1.04278934E+00  1.41406804E+00  7.03055941E-01  7.85532825E-01  1.41574857E+00  9.47825166E-01  6.38344121E-01  1.26759092E+00  1.18574125E+00  6.34319233E-01  1.03639775E+00  1.33220874E+00  7.63144938E-01  8.20856449E-01  1.33956619E+00  9.68636924E-01  6.90862999E-01  1.21071968E+00  1.17443944E+00  6.91379257E-01  1.00869857E+00  1.29660310E+00  8.11912853E-01  8.19102327E-01  1.29691902E+00  9.96346124E-01  7.10389120E-01  1.17815226E+00
  0.00000000E+00  2.08727471E-03  9.81675156E-01  1.94684120E+00  3.92953815E-01  5.22332419E-01  1.83711276E+00  8.97835874E-01  3.31165827E-01  1.45918953E+00  1.35409625E+00  3.70428734E-01  1.01621204E+00  1.60763103E+00  6.06187265E-01  6.58688721E-01  1.58703446E+00  9.60276369E-01  4.72725019E-01  1.34678269E+00  1.30071460E+00  4.87593691E-01  1.00998214E+00  1.49810776E+00  6.81763122E-01  7.11353581E-01  1.48760637E+00  9.77735456E-01  5.45318414E-01  1.29263818E+00  1.26538531E+00  5.54839490E-01  1.00759720E+00  1.43468705E+00  7.23942220E-01  7.41821047E-01  1.43009687E+00  9.88444628E-01  5.86073650E-01  1.26126909E+00  1.24890888E+00  5.90307404E-01  1.00190153E+00  1.40710583E+00  7.46291732E-01  7.51356694E-01  1.40503175E+00  9.96580362E-01  6.00973203E-01  1.24664965E+00
  0.00000000E+00  2.09615429E-03  9.86030860E-01  1.93946523E+00  3.95672290E-01  5.25453788E-01  1.83159305E+00  8.99052124E-01  3.35132818E-01  1.45482281E+00  1.35446578E+00  3.74037940E-01  1.01459225E+00  1.60519842E+00  6.08673053E-01  6.57767978E-01  1.58669733E+00  9.61193579E-01  4.70833608E-01  1.34803108E+00  1.30276096E+00  4.84338143E-01  1.01005570E+00  1.50395531E+00  6.75656590E-01  7.08447418E-01  1.49797118E+00  9.71496182E-01  5.39493762E-01  1.30265773E+00  1.26569156E+00  5.45499855E-01  1.00875832E+00  1.44582682E+00  7.16790201E-01  7.33655570E-01  1.44437831E+00  9.86558532E-01  5.73979240E-01  1.26950300E+00  1.25542685E+00  5.80603273E-01  9.98347717E-01  1.42222309E+00  7.39531229E-01  7.40061901E-01  1.42083644E+00  9.95954793E-01  5.86552666E-01  1.25551086E+00
  0.00000000E+00  2.09615429E-03  9.86030860E-01  1.93946523E+00  3.95672290E-01  5.25453788E-01  1.83159305E+00  8.99052124E-01  3.35132818E-01  1.45482281E+00  1.35446578E+00  3.74037940E-01  1.01459225E+00  1.60519842E+00  6.08673053E-01  6.57767978E-01  1.58669733E+00  9.61193579E-01  4.70833608E-01  1.34803108E+00  1.30276096E+00  4.84338143E-01  1.01005570E+00  1.50395531E+00  6.75656590E-01  7.08447418E-01  1.49797118E+00  9.71496182E-01  5.39493762E-01  1.30265773E+00  1.26569156E+00  5.45499855E-01  1.00875832E+00  1.44582682E+00  7.16790201E-01  7.33655570E-01  1.44437831E+00  9.86558532E-01  5.73979240E-01  1.26950300E+00  1.25542685E+00  5.80603273E-01  9.98347717E-01  1.42222309E+00  7.39531229E-01  7.40061901E-01  1.42083644E+00  9.95954793E-01  5.86552666E-01  1.25551086E+00
  0.00000000E+00  2.20550902E-03  9.84779572E-01  1.94068680E+00  3.95584242E-01  5.26429612E-01  1.83144818E+00  8.97977338E-01  3.35894578E-01  1.45708484E+00  1.34932165E+00  3.76428825E-01  1.01889944E+00  1.59711349E+00  6.11360562E-01  6.64464228E-01  1.57865172E+00  9.60121463E-01  4.79167679E-01  1.34627883E+00  1.29342331E+00  4.91226377E-01  1.01556388E+00  1.49169625E+00  6.80785271E-01  7.15895365E-01  1.48626236E+00  9.75136459E-01  5.47136555E-01  1.29411766E+00  1.26385185E+00  5.53461743E-01  1.00856195E+00  1.43736081E+00  7.20426964E-01  7.41627724E-01  1.43472285E+00  9.84596206E-01  5.83900412E-01  1.26718593E+00  1.24655282E+00  5.87717008E-01  1.00354299E+00  1.41000518E+00  7.43519980E-01  7.48992718E-01  1.41107458E+00  9.94127757E-01  5.96556064E-01  1.25040576E+00
  0.00000000E+00  2.07445099E-03  9.84349307E-01  1.94284192E+00  3.94083497E-01  5.24908307E-01  1.83202784E+00  9.00414098E-01  3.34090413E-01  1.45461480E+00  1.35477899E+00  3.74573418E-01  1.01459655E+00  1.60265971E+00  6.11033251E-01  6.61548714E-01  1.57939175E+00  9.63437568E-01  4.77932552E-01  1.34103555E+00  1.29804253E+00  4.94064269E-01  1.01087351E+00  1.48958946E+00  6.87309152E-01  7.15278897E-01  1.47844041E+00  9.80654481E-01  5.50729099E-01  1.28740179E+00  1.26494011E+00  5.58965113E-01  1.00502511E+00  1.43408401E+00  7.25579605E-01  7.41911957E-01  1.42870390E+00  9.88377673E-01  5.88524354E-01  1.25927859E+00  1.24798229E+00  5.92186779E-01  1.00075519E+00  1.40662603E+00  7.47541040E-01  7.50771573E-01  1.40520755E+00  9.96614119E-01  6.00285010E-01  1.24719705E+00
  0.00000000E+00  2.11321102E-03  9.85148837E-01  1.94137979E+00  3.94385923E-01  5.25018860E-01  1.83652175E+00  8.93836128E-01  3.35458723E-01  1.46032960E+00  1.34751430E+00  3.74279052E-01  1.02265771E+00  1.59507564E+00  6.10048614E-01  6.68473646E-01  1.57878333E+00  9.54820026E-01  4.83052314E-01  1.34694693E+00  1.28851235E+00  4.95223717E-01  1.01606214E+00  1.48795364E+00  6.82961010E-01  7.18523905E-01  1.48228604E+00  9.74165202E-01  5.52468254E-01  1.29214718E+00  1.26015641E+00  5.58290315E-01  1.00861504E+00  1.43248935E+00  7.24237185E-01  7.43638380E-01  1.43020413E+00  9.84259435E-01  5.90779733E-01  1.26021401E+00  1.24737978E+00  5.91067434E-01  1.00191826E+00  1.40799866E+00  7.44153452E-01  7.52618803E-01  1.40523129E+00  9.94345702E-01  6.04044046E-01  1.24554410E+00
  0.00000000E+00  2.16299830E-03  9.84400108E-01  1.94186822E+00  3.94916390E-01  5.25134676E-01  1.83265543E+00  8.99192452E-01  3.33600213E-01  1.45805654E+00  1.35058485E+00  3.73991496E-01  1.01875326E+00  1.60106204E+00  6.08110909E-01  6.62755654E-01  1.58402476E+00  9.58164564E-01  4.75829879E-01  1.34790784E+00  1.29599379E+00  4.88648777E-01  1.01448583E+00  1.49493780E+00  6.79117239E-01  7.14605055E-01  1.48873233E+00  9.75029240E-01  5.43371327E-01  1.29885232E+00  1.26395591E+00  5.49798508E-01  1.00852336E+00  1.44293484E+00  7.16758435E-01  7.36523833E-01  1.44264382E+00  9.84469724E-01  5.76486345E-01  1.27133940E+00  1.25374055E+00  5.76729136E-01  1.00402660E+00  1.42200772E+00  7.33829218E-01  7.44748544E-01  1.42160968E+00  9.91707727E-01  5.89249145E-01  1.25530484E+00
