# PIMCID: 2837db30-7e69-4934-be99-7ae85e7a13b3
#      0.000E+00       1.000E+00       2.000E+00       3.000E+00       4.000E+00       5.000E+00       6.000E+00       7.000E+00       8.000E+00       9.000E+00       1.000E+01       1.100E+01       1.200E+01       1.300E+01       1.400E+01       1.500E+01       1.600E+01       1.700E+01       1.800E+01       1.900E+01       2.000E+01       2.100E+01       2.200E+01       2.300E+01       2.400E+01       2.500E+01       2.600E+01       2.700E+01       2.800E+01       2.900E+01       3.000E+01       3.100E+01       3.200E+01       3.300E+01       3.400E+01       3.500E+01       3.600E+01       3.700E+01       3.800E+01       3.900E+01       4.000E+01       4.100E+01       4.200E+01       4.300E+01       4.400E+01       4.500E+01       4.600E+01       4.700E+01       4.800E+01       4.900E+01
  0.00000000E+00  2.18746227E-03  9.83153560E-01  1.94144691E+00  3.97407387E-01  5.24390681E-01  1.83326617E+00  8.98317036E-01  3.32068071E-01  1.45827239E+00  1.35501624E+00  3.69923278E-01  1.01287925E+00  1.61357226E+00  6.03335332E-01  6.51990912E-01  1.59883958E+00  9.58898859E-01  4.60687831E-01  1.35434281E+00  1.31181770E+00  4.67996536E-01  1.00822435E+00  1.52842631E+00  6.61070419E-01  6.91456463E-01  1.52304697E+00  9.74985451E-01  5.09006948E-01  1.31734959E+00  1.29114129E+00  5.14035901E-01  1.00382876E+00  1.48162377E+00  6.97283333E-01  7.09498978E-01  1.47742514E+00  9.89728893E-01  5.39547205E-01  1.28847820E+00  1.28303665E+00  5.41001544E-01  9.96447637E-01  1.46034847E+00  7.16785059E-01  7.16262369E-01  1.46011360E+00  9.95212743E-01  5.48735779E-01  1.27942128E+00
  0.00000000E+00  2.23223486E-03  9.82968435E-01  1.94421816E+00  3.94365470E-01  5.16367810E-01  1.84292125E+00  9.01710096E-01  3.22916620E-01  1.46022199E+00  1.36409479E+00  3.60759918E-01  1.00888140E+00  1.62537155E+00  5.99417786E-01  6.46292653E-01  1.60410126E+00  9.62708899E-01  4.51785337E-01  1.35703277E+00  1.31665555E+00  4.66264221E-01  1.00631627E+00  1.52644560E+00  6.65376788E-01  6.90855830E-01  1.51748722E+00  9.80402612E-01  5.13025445E-01  1.31043215E+00  1.28867068E+00  5.20893691E-01  1.00048132E+00  1.47905714E+00  7.01852047E-01  7.08977021E-01  1.47704225E+00  9.89333784E-01  5.39006391E-01  1.28940844E+00  1.28142146E+00  5.40993713E-01  1.00033290E+00  1.45851771E+00  7.14023830E-01  7.19799226E-01  1.45902020E+00  9.93210929E-01  5.50314042E-01  1.27934645E+00
  0.00000000E+00  2.10031101E-03  9.82948541E-01  1.94526157E+00  3.93244578E-01  5.19335800E-01  1.84035508E+00  9.01071934E-01  3.20658325E-01  1.46561722E+00  1.36153477E+00  3.58891359E-01  1.01301425E+00  1.62500500E+00  5.97072532E-01  6.43256599E-01  1.61115390E+00  9.59555311E-01  4.47023265E-01  1.36043991E+00  1.32313917E+00  4.56004792E-01  1.00512143E+00  1.54152015E+00  6.53776756E-01  6.82678953E-01  1.53664806E+00  9.74231390E-01  4.96448692E-01  1.32611171E+00  1.30014178E+00  4.97312576E-01  1.00477764E+00  1.50140244E+00  6.82960977E-01  6.96342103E-01  1.50620871E+00  9.82175322E-01  5.18593640E-01  1.30478994E+00  1.29286471E+00  5.19010489E-01  9.95049018E-01  1.49258665E+00  6.96426976E-01  6.95790160E-01  1.49290671E+00  9.92753196E-01  5.20124714E-01  1.29789421E+00
  0.00000000E+00  2.14091027E-03  9.84503462E-01  1.94248758E+00  3.94850195E-01  5.21858861E-01  1.83701421E+00  8.98551560E-01  3.32443842E-01  1.45372443E+00  1.36048685E+00  3.69129732E-01  1.00975785E+00  1.61384630E+00  6.07549100E-01  6.49031813E-01  1.59489059E+00  9.63221049E-01  4.63584784E-01  1.34691473E+00  1.31324199E+00  4.76334195E-01  1.00535783E+00  1.51674972E+00  6.72162520E-01  6.95788925E-01  1.51042844E+00  9.77928984E-01  5.18735669E-01  1.31253178E+00  1.27865865E+00  5.28868047E-01  1.00531110E+00  1.46860804E+00  7.03290300E-01  7.18520172E-01  1.46631223E+00  9.87738668E-01  5.50416399E-01  1.28412106E+00  1.27327901E+00  5.51110634E-01  1.00075495E+00  1.45120554E+00  7.18143816E-01  7.23494670E-01  1.45381494E+00  9.94818704E-01  5.50836099E-01  1.27878238E+00
  0.00000000E+00  2.18328383E-03  9.81940105E-01  1.94452423E+00  3.96088949E-01  5.20772119E-01  1.83469017E+00  9.03710104E-01  3.27574573E-01  1.45545993E+00  1.36242195E+00  3.65094778E-01  1.01133878E+00  1.61973400E+00  6.00802214E-01  6.45094281E-01  1.60884689E+00  9.56432953E-01  4.52467720E-01  1.36503828E+00  1.31023237E+00  4.63559528E-01  1.01133923E+00  1.52682909E+00  6.61319804E-01  6.90718807E-01  1.52530830E+00  9.72925578E-01  5.06648274E-01  1.32336055E+00  1.28730039E+00  5.10781046E-01  1.00681583E+00  1.48976206E+00  6.86098539E-01  7.05389425E-01  1.49990773E+00  9.73163682E-01  5.29063739E-01  1.31055195E+00  1.27762731E+00  5.26662400E-01  1.00309691E+00  1.47888137E+00  6.99721528E-01  7.05319274E-01  1.48516106E+00  9.89840125E-01  5.27136123E-01  1.29459603E+00
  0.00000000E+00  2.11216745E-03  9.80905321E-01  1.94697736E+00  3.93929555E-01  5.21871803E-01  1.83606119E+00  9.00539316E-01  3.26835785E-01  1.45944064E+00  1.36110762E+00  3.63781107E-01  1.00810954E+00  1.62584550E+00  5.98646407E-01  6.42886805E-01  1.61096654E+00  9.59652673E-01  4.48828974E-01  1.36006342E+00  1.32130082E+00  4.57629724E-01  1.00519208E+00  1.53814094E+00  6.58355654E-01  6.83242579E-01  1.53074444E+00  9.78103335E-01  5.00891707E-01  1.32072776E+00  1.29546405E+00  5.08538117E-01  1.00019643E+00  1.49150758E+00  6.96193222E-01  6.97242675E-01  1.49097497E+00  9.93696495E-01  5.24860216E-01  1.29024800E+00  1.29474620E+00  5.29788814E-01  9.93425250E-01  1.47631210E+00  7.08486275E-01  7.06057599E-01  1.47487039E+00  9.94515026E-01  5.34937128E-01  1.28838203E+00
  0.00000000E+00  2.09286768E-03  9.80605343E-01  1.94922573E+00  3.92492393E-01  5.15844587E-01  1.84345569E+00  9.01527726E-01  3.17160160E-01  1.46524760E+00  1.36807012E+00  3.52345387E-01  1.00936333E+00  1.63928675E+00  5.89568151E-01  6.29827548E-01  1.63216966E+00  9.58939009E-01  4.26460058E-01  1.36956115E+00  1.34264332E+00  4.33792045E-01  9.95978526E-01  1.57365579E+00  6.43330707E-01  6.58406461E-01  1.56221555E+00  9.81782058E-01  4.69069656E-01  1.33467002E+00  1.32116467E+00  4.74282454E-01  9.96000408E-01  1.53335140E+00  6.68950951E-01  6.74337597E-01  1.53423671E+00  9.85225678E-01  4.88064246E-01  1.32375549E+00  1.31164145E+00  4.90992197E-01  9.93211898E-01  1.52142899E+00  6.77378981E-01  6.81907328E-01  1.51944201E+00  9.87776381E-01  5.00952956E-01  1.31044414E+00
  0.00000000E+00  2.08097223E-03  9.82097282E-01  1.94724927E+00  3.93453115E-01  5.16926325E-01  1.84037468E+00  9.03221394E-01  3.21630366E-01  1.45928216E+00  1.36619844E+00  3.59825653E-01  1.00942603E+00  1.62788472E+00  5.97176373E-01  6.39741964E-01  1.61350701E+00  9.60816962E-01  4.41783370E-01  1.36408027E+00  1.32687966E+00  4.50303906E-01  1.00407572E+00  1.55020742E+00  6.48439947E-01  6.76923579E-01  1.54786975E+00  9.70053151E-01  4.92776384E-01  1.33190028E+00  1.29781635E+00  4.94767822E-01  1.00591099E+00  1.50406711E+00  6.80378858E-01  6.98914206E-01  1.50294260E+00  9.83755169E-01  5.20266087E-01  1.30328097E+00  1.29010863E+00  5.23977883E-01  9.97081950E-01  1.48153521E+00  7.01910453E-01  7.03682464E-01  1.48323046E+00  9.91261597E-01  5.28867358E-01  1.29339100E+00
  0.00000000E+00  2.25211072E-03  9.80479623E-01  1.94942703E+00  3.91256331E-01  5.19798232E-01  1.84274562E+00  8.95929141E-01  3.25830989E-01  1.46084118E+00  1.36346963E+00  3.59216503E-01  1.01370456E+00  1.62465443E+00  5.94765663E-01  6.47459167E-01  1.60856281E+00  9.56528298E-01  4.52576061E-01  1.36581298E+00  1.30844189E+00  4.66170878E-01  1.01040482E+00  1.52422800E+00  6.63714929E-01  6.92171449E-01  1.51952398E+00  9.76289604E-01  5.12344840E-01  1.31530916E+00  1.28809121E+00  5.20065303E-01  9.95786136E-01  1.48766201E+00  6.94577225E-01  7.11629565E-01  1.47872632E+00  9.86092679E-01  5.43764046E-01  1.28752246E+00  1.27566898E+00  5.49753130E-01  9.95986828E-01  1.45430651E+00  7.20276407E-01  7.22149178E-01  1.44995099E+00  9.94786796E-01  5.58855834E-01  1.27377181E+00
  0.00000000E+00  2.09329409E-03  9.80648207E-01  1.94767501E+00  3.93795249E-01  5.17228035E-01  1.84135815E+00  9.00705549E-01  3.25264988E-01  1.45895837E+00  1.36430581E+00  3.60617948E-01  1.01226565E+00  1.62172356E+00  5.99995939E-01  6.45329751E-01  1.60625855E+00  9.61616394E-01  4.50796056E-01  1.35672657E+00  1.32078006E+00  4.62050648E-01  1.00364911E+00  1.53393057E+00  6.62710005E-01  6.84963166E-01  1.52568154E+00  9.80140533E-01  5.05393112E-01  1.31446615E+00  1.29474317E+00  5.13994670E-01  9.97383264E-01  1.49111686E+00  6.94166553E-01  7.04547876E-01  1.48849170E+00  9.82494198E-01  5.36725164E-01  1.29434483E+00  1.27959302E+00  5.40318703E-01  9.96663513E-01  1.46677422E+00  7.10695800E-01  7.15434357E-01  1.46272276E+00  9.93309836E-01  5.48796568E-01  1.27988832E+00
  0.00000000E+00  2.12521422E-03  9.80931252E-01  1.94749199E+00  3.93406850E-01  5.20872348E-01  1.83630662E+00  9.02462372E-01  3.27145622E-01  1.45535885E+00  1.36507693E+00  3.64892292E-01  1.00790908E+00  1.62013677E+00  6.03154074E-01  6.51675442E-01  1.59039472E+00  9.68895595E-01  4.61688896E-01  1.34637179E+00  1.31274400E+00  4.77475867E-01  1.00472417E+00  1.51519147E+00  6.74051176E-01  6.98485748E-01  1.50406376E+00  9.81791202E-01  5.24551366E-01  1.30125728E+00  1.28475832E+00  5.31819164E-01  1.00116453E+00  1.46498303E+00  7.11286976E-01  7.16564505E-01  1.46068868E+00  9.92689504E-01  5.53592297E-01  1.27357106E+00  1.27746297E+00  5.59638564E-01  9.93721345E-01  1.44521807E+00  7.26620284E-01  7.28190709E-01  1.43936592E+00  9.95128882E-01  5.69063367E-01  1.26717242E+00
  0.00000000E+00  2.02693943E-03  9.84530627E-01  1.94152445E+00  3.95000603E-01  5.22869051E-01  1.83486724E+00  9.00037856E-01  3.31865128E-01  1.45509902E+00  1.35945839E+00  3.68887434E-01  1.01106906E+00  1.61446424E+00  6.04384565E-01  6.50487345E-01  1.59555196E+00  9.64850780E-01  4.59252070E-01  1.34786936E+00  1.32094633E+00  4.66907513E-01  9.99539084E-01  1.53514799E+00  6.63090554E-01  6.85205318E-01  1.52385080E+00  9.84373761E-01  4.98990052E-01  1.31663029E+00  1.30188578E+00  5.05017640E-01  9.95860624E-01  1.50198092E+00  6.88922568E-01  6.96462554E-01  1.49682954E+00  9.90850194E-01  5.18919639E-01  1.29939483E+00  1.29657371E+00  5.20192748E-01  9.94722378E-01  1.48891754E+00  6.96716905E-01  7.01964193E-01  1.48900368E+00  9.88892733E-01  5.28616274E-01  1.29283107E+00
  0.00000000E+00  2.22036533E-03  9.84523686E-01  1.94183682E+00  3.94998279E-01  5.22715947E-01  1.83507750E+00  8.99689210E-01  3.31776630E-01  1.45751531E+00  1.35665142E+00  3.67844563E-01  1.01332250E+00  1.61437465E+00  6.03168132E-01  6.47046662E-01  1.60538996E+00  9.59307650E-01  4.51226698E-01  1.36447238E+00  1.31153296E+00  4.62347802E-01  1.01061755E+00  1.52956225E+00  6.59350963E-01  6.88583086E-01  1.52830870E+00  9.73891758E-01  5.06180703E-01  1.32260151E+00  1.28772902E+00  5.10534326E-01  1.00799195E+00  1.48606215E+00  6.90002587E-01  7.06577765E-01  1.49284184E+00  9.80066869E-01  5.31953807E-01  1.29988978E+00  1.28116177E+00  5.34771967E-01  9.99694405E-01  1.46813176E+00  7.07516853E-01  7.15060829E-01  1.46838517E+00  9.92770173E-01  5.41876548E-01  1.28417812E+00
  0.00000000E+00  2.21694314E-03  9.84537590E-01  1.94239370E+00  3.94446698E-01  5.22883985E-01  1.83568799E+00  8.98605780E-01  3.31314763E-01  1.45542402E+00  1.36089755E+00  3.67702786E-01  1.00767816E+00  1.62073855E+00  6.04091163E-01  6.44071528E-01  1.60228173E+00  9.65813292E-01  4.50453709E-01  1.35468497E+00  1.32290502E+00  4.63315535E-01  9.95638039E-01  1.54100985E+00  6.64511841E-01  6.76558164E-01  1.53025623E+00  9.84909504E-01  4.94992280E-01  1.31623276E+00  1.30938990E+00  4.99273385E-01  9.93783850E-01  1.50897225E+00  6.85331393E-01  6.91492979E-01  1.50276858E+00  9.90261638E-01  5.12623245E-01  1.30362583E+00  1.30275132E+00  5.13247929E-01  9.89755493E-01  1.50186756E+00  6.91507919E-01  6.92087428E-01  1.50339407E+00  9.90680396E-01  5.09326009E-01  1.30493803E+00
  0.00000000E+00  2.11926228E-03  9.78231807E-01  1.95397152E+00  3.90018248E-01  5.17050511E-01  1.84309992E+00  8.99516812E-01  3.24191035E-01  1.46023003E+00  1.36239954E+00  3.62897988E-01  1.00928876E+00  1.62370618E+00  6.00341717E-01  6.44421375E-01  1.60435402E+00  9.64024832E-01  4.53709384E-01  1.35364562E+00  1.31871441E+00  4.66778439E-01  1.00210280E+00  1.52980081E+00  6.66517963E-01  6.85332469E-01  1.52334884E+00  9.79260472E-01  5.06537042E-01  1.31672916E+00  1.29371109E+00  5.10580973E-01  1.00124857E+00  1.49287955E+00  6.90100861E-01  7.02357583E-01  1.49392104E+00  9.83249723E-01  5.28958616E-01  1.29801683E+00  1.28701090E+00  5.29909094E-01  9.95040486E-01  1.48014702E+00  7.03263107E-01  7.06382768E-01  1.48057636E+00  9.90197232E-01  5.34234139E-01  1.28920641E+00
  0.00000000E+00  2.24923607E-03  9.86161178E-01  1.93965680E+00  3.95633554E-01  5.26186692E-01  1.82917943E+00  9.01440822E-01  3.35634117E-01  1.45223794E+00  1.35466748E+00  3.77141139E-01  1.00967613E+00  1.60556698E+00  6.12899152E-01  6.56220813E-01  1.58130442E+00  9.69611572E-01  4.71253017E-01  1.33985776E+00  1.30728503E+00  4.89446383E-01  1.00026824E+00  1.50471663E+00  6.85142927E-01  7.05006316E-01  1.48618525E+00  9.86543124E-01  5.40494107E-01  1.28368585E+00  1.28034007E+00  5.51593150E-01  9.96007099E-01  1.44843993E+00  7.23467027E-01  7.31521530E-01  1.43390467E+00  9.94624495E-01  5.78749171E-01  1.26063958E+00  1.25775379E+00  5.84927400E-01  9.98092293E-01  1.41426406E+00  7.43203454E-01  7.47135032E-01  1.41290655E+00  9.93720761E-01  5.97336698E-01  1.24935450E+00
  0.00000000E+00  2.10392440E-03  9.81472437E-01  1.94684612E+00  3.93533660E-01  5.19929851E-01  1.83892128E+00  8.99770088E-01  3.27849435E-01  1.45714769E+00  1.36200153E+00  3.63940076E-01  1.01043296E+00  1.62458072E+00  5.98036059E-01  6.43775222E-01  1.60898100E+00  9.60177279E-01  4.49967167E-01  1.36031670E+00  1.31777067E+00  4.60943009E-01  1.00815494E+00  1.52935657E+00  6.63269344E-01  6.83079724E-01  1.53090710E+00  9.80061957E-01  4.99193496E-01  1.31766229E+00  1.30152580E+00  5.03364930E-01  9.99462883E-01  1.49721051E+00  6.91212207E-01  6.95798542E-01  1.49797044E+00  9.88867936E-01  5.17425503E-01  1.30248497E+00  1.29521623E+00  5.20807614E-01  9.93960002E-01  1.48963214E+00  6.98501079E-01  6.98790894E-01  1.49069535E+00  9.90258638E-01  5.25737884E-01  1.29422748E+00
  0.00000000E+00  2.26814635E-03  9.76642291E-01  1.95599051E+00  3.89024755E-01  5.11363929E-01  1.85218056E+00  8.97208738E-01  3.15477759E-01  1.47031093E+00  1.36654903E+00  3.50966249E-01  1.00998756E+00  1.63910576E+00  5.89155394E-01  6.31349407E-01  1.62814204E+00  9.60005419E-01  4.30591273E-01  1.36849554E+00  1.33805557E+00  4.37371037E-01  9.99468017E-01  1.56767653E+00  6.42708431E-01  6.59075627E-01  1.56662882E+00  9.78530963E-01  4.66317952E-01  1.33920209E+00  1.32297830E+00  4.69408470E-01  9.94998490E-01  1.54131156E+00  6.62684484E-01  6.72672317E-01  1.54221901E+00  9.80455771E-01  4.84003539E-01  1.32640451E+00  1.31642889E+00  4.84610127E-01  9.93476375E-01  1.52668475E+00  6.74922835E-01  6.78246829E-01  1.52527101E+00  9.89349458E-01  4.89677631E-01  1.31767867E+00
  0.00000000E+00  2.22992763E-03  9.87200166E-01  1.93737496E+00  3.96842967E-01  5.27495512E-01  1.82697520E+00  9.03574804E-01  3.35545520E-01  1.45140219E+00  1.35463456E+00  3.76827052E-01  1.01348872E+00  1.59913956E+00  6.15763329E-01  6.57647269E-01  1.58113198E+00  9.67205121E-01  4.69000355E-01  1.34550279E+00  1.30448656E+00  4.83748564E-01  1.00684975E+00  1.50815383E+00  6.77038395E-01  6.99554241E-01  1.50493572E+00  9.76528116E-01  5.24743800E-01  1.31130633E+00  1.27712973E+00  5.27240394E-01  1.00761334E+00  1.47139619E+00  6.97588901E-01  7.22011447E-01  1.46995427E+00  9.82273788E-01  5.51573540E-01  1.28549555E+00  1.27111350E+00  5.52256172E-01  9.98049063E-01  1.45435920E+00  7.18518358E-01  7.19731277E-01  1.45592180E+00  9.94225817E-01  5.54808068E-01  1.27574563E+00
  0.00000000E+00  2.08924589E-03  9.81927195E-01  1.94621546E+00  3.93698193E-01  5.19935456E-01  1.84015150E+00  8.97616563E-01  3.26460618E-01  1.46101814E+00  1.36015486E+00  3.63739118E-01  1.01226298E+00  1.62066344E+00  6.02008377E-01  6.42846053E-01  1.60512036E+00  9.64916446E-01  4.49693268E-01  1.35504911E+00  1.32352139E+00  4.62219526E-01  1.00003081E+00  1.53590227E+00  6.63498310E-01  6.87035037E-01  1.52113166E+00  9.80615324E-01  5.09802626E-01  1.30883944E+00  1.29860839E+00  5.13856732E-01  9.94964666E-01  1.49326789E+00  6.95766265E-01  7.02606353E-01  1.48215348E+00  9.94106653E-01  5.33758139E-01  1.28248573E+00  1.29282172E+00  5.38818806E-01  9.92170637E-01  1.46755026E+00  7.14682598E-01  7.13004090E-01  1.46258480E+00  9.94063533E-01  5.48701401E-01  1.27919842E+00
  0.00000000E+00  2.00264064E-03  9.79756240E-01  1.94863565E+00  3.94138500E-01  5.16130541E-01  1.84256998E+00  9.00847130E-01  3.22456965E-01  1.46014567E+00  1.36898454E+00  3.54821882E-01  1.00866695E+00  1.63416491E+00  5.93057253E-01  6.38704731E-01  1.61531902E+00  9.62677067E-01  4.45263148E-01  1.35711703E+00  1.32591812E+00  4.56981149E-01  1.00065647E+00  1.54231987E+00  6.59753054E-01  6.77519003E-01  1.53295131E+00  9.84472600E-01  4.96221402E-01  1.31274764E+00  1.30992155E+00  5.04046932E-01  9.92018051E-01  1.50220335E+00  6.92032650E-01  6.94019526E-01  1.49390474E+00  9.95627611E-01  5.16250224E-01  1.29675099E+00  1.30006897E+00  5.22833298E-01  9.87707201E-01  1.48974958E+00  7.03722037E-01  6.96809799E-01  1.48398602E+00  9.99254206E-01  5.21334316E-01  1.29609179E+00
  0.00000000E+00  2.24736076E-03  9.81485619E-01  1.94661359E+00  3.93173901E-01  5.20329039E-01  1.83999992E+00  8.97077940E-01  3.28642374E-01  1.46127365E+00  1.35658818E+00  3.66537202E-01  1.01407823E+00  1.61637709E+00  6.00314366E-01  6.51160518E-01  1.60238990E+00  9.57612460E-01  4.58489760E-01  1.35505413E+00  1.31279065E+00  4.68827338E-01  1.00811359E+00  1.52342108E+00  6.65477321E-01  6.91848833E-01  1.52173298E+00  9.75407066E-01  5.10430547E-01  1.31729003E+00  1.28793665E+00  5.14001629E-01  1.00935498E+00  1.47670637E+00  6.95276628E-01  7.16785914E-01  1.47684606E+00  9.83630747E-01  5.44376904E-01  1.28987594E+00  1.27611936E+00  5.43215765E-01  1.00008043E+00  1.46126035E+00  7.10107725E-01  7.21116582E-01  1.46141209E+00  9.89007121E-01  5.50939079E-01  1.28049834E+00
  0.00000000E+00  2.16585695E-03  9.80421617E-01  1.94874222E+00  3.92528822E-01  5.16589849E-01  1.84151439E+00  9.02459137E-01  3.21738072E-01  1.46063277E+00  1.36792262E+00  3.57213978E-01  1.00964564E+00  1.62947408E+00  5.95078517E-01  6.43077162E-01  1.61101671E+00  9.59913721E-01  4.51210353E-01  1.35742935E+00  1.31780838E+00  4.63326851E-01  1.00732793E+00  1.52794805E+00  6.62610612E-01  6.91038153E-01  1.52246486E+00  9.75350400E-01  5.12811005E-01  1.31487754E+00  1.28714232E+00  5.18291820E-01  1.00032040E+00  1.48588670E+00  6.95473892E-01  7.05477542E-01  1.48848689E+00  9.82701568E-01  5.34933796E-01  1.29429796E+00  1.28421869E+00  5.33989075E-01  9.96428871E-01  1.47647773E+00  7.02895333E-01  7.12882936E-01  1.47357910E+00  9.88332977E-01  5.42214566E-01  1.28496251E+00
  0.00000000E+00  2.05215462E-03  9.81311352E-01  1.94804975E+00  3.91698747E-01  5.21750280E-01  1.84008229E+00  8.96640703E-01  3.28894571E-01  1.45755263E+00  1.36137410E+00  3.64637551E-01  1.01352872E+00  1.61793625E+00  5.99301626E-01  6.51539546E-01  1.60217820E+00  9.54511717E-01  4.60025548E-01  1.35961165E+00  1.30763160E+00  4.67862055E-01  1.01499061E+00  1.51935693E+00  6.60645680E-01  7.02706939E-01  1.51725463E+00  9.66148667E-01  5.20697358E-01  1.32336925E+00  1.27010871E+00  5.23338891E-01  1.01546709E+00  1.46758368E+00  6.94954585E-01  7.25978827E-01  1.47160288E+00  9.74722720E-01  5.53215503E-01  1.29451906E+00  1.26195452E+00  5.52312430E-01  1.00728972E+00  1.44515286E+00  7.18125420E-01  7.30189789E-01  1.44636050E+00  9.92700510E-01  5.63119385E-01  1.27129516E+00
  0.00000000E+00  2.24125237E-03  9.80877363E-01  1.94769427E+00  3.93635403E-01  5.19658310E-01  1.83889492E+00  9.00195667E-01  3.25002205E-01  1.46002450E+00  1.36384846E+00  3.61304470E-01  1.00708622E+00  1.62960396E+00  5.96737817E-01  6.38110088E-01  1.61646243E+00  9.60987072E-01  4.39800215E-01  1.36440295E+00  1.32931157E+00  4.47583400E-01  1.00233303E+00  1.55337948E+00  6.51067061E-01  6.68378527E-01  1.55440478E+00  9.74541446E-01  4.83105907E-01  1.33223618E+00  1.30712894E+00  4.89208471E-01  9.97711911E-01  1.51755767E+00  6.74968595E-01  6.92480491E-01  1.51267884E+00  9.83383061E-01  5.11806512E-01  1.30780694E+00  1.29775858E+00  5.14766543E-01  9.93156842E-01  1.49504299E+00  6.95679990E-01  6.98077955E-01  1.48832167E+00  9.93371019E-01  5.25227426E-01  1.29428992E+00
  0.00000000E+00  2.16875681E-03  9.81187052E-01  1.94758850E+00  3.92557557E-01  5.18834781E-01  1.84198634E+00  8.97717352E-01  3.24512100E-01  1.46498548E+00  1.35933824E+00  3.58623115E-01  1.01267936E+00  1.62902393E+00  5.93593907E-01  6.41997982E-01  1.61562539E+00  9.58538184E-01  4.42171408E-01  1.36655288E+00  1.32407358E+00  4.50529289E-01  1.00605381E+00  1.54333938E+00  6.55744124E-01  6.77522942E-01  1.53952144E+00  9.79263706E-01  4.91337070E-01  1.32308540E+00  1.30497922E+00  4.99121042E-01  9.96584180E-01  1.50696645E+00  6.84272800E-01  6.93396949E-01  1.50537927E+00  9.85065604E-01  5.18399828E-01  1.30343163E+00  1.29168562E+00  5.22935377E-01  9.93881245E-01  1.48927172E+00  6.97544672E-01  7.01299100E-01  1.48613926E+00  9.91383327E-01  5.28598278E-01  1.29284469E+00
  0.00000000E+00  2.04154884E-03  9.83830409E-01  1.94332957E+00  3.94339657E-01  5.25554203E-01  1.83034347E+00  9.01688775E-01  3.32738441E-01  1.45408568E+00  1.35930190E+00  3.68906367E-01  1.01126960E+00  1.61501472E+00  6.03925438E-01  6.50813748E-01  1.59739317E+00  9.59758506E-01  4.62755399E-01  1.35376522E+00  1.30826220E+00  4.75763716E-01  1.00934462E+00  1.51121274E+00  6.74887919E-01  6.98591505E-01  1.50345077E+00  9.80926172E-01  5.26174960E-01  1.30227141E+00  1.28321042E+00  5.31850513E-01  9.99261118E-01  1.46820669E+00  7.08926925E-01  7.16568642E-01  1.46567709E+00  9.86791138E-01  5.55922645E-01  1.27952575E+00  1.27059845E+00  5.58048382E-01  9.96919189E-01  1.44706024E+00  7.23429694E-01  7.24792037E-01  1.44755720E+00  9.92758000E-01  5.63471642E-01  1.27101573E+00
  0.00000000E+00  1.91742415E-03  9.82835097E-01  1.94603009E+00  3.92379509E-01  5.22372328E-01  1.83689835E+00  8.99090732E-01  3.27832981E-01  1.46037137E+00  1.35684101E+00  3.67221745E-01  1.01530177E+00  1.61427379E+00  6.02262919E-01  6.51157390E-01  1.59950405E+00  9.59302453E-01  4.59578986E-01  1.35470691E+00  1.31292402E+00  4.71447744E-01  1.00323907E+00  1.52471712E+00  6.67194932E-01  6.91175570E-01  1.51712960E+00  9.79942660E-01  5.10154090E-01  1.31561443E+00  1.28917700E+00  5.16530258E-01  1.00337403E+00  1.48300789E+00  6.91469327E-01  7.12110924E-01  1.48560592E+00  9.80025505E-01  5.37526439E-01  1.29720099E+00  1.28189993E+00  5.34366247E-01  9.94730295E-01  1.47741742E+00  7.04420309E-01  7.08372307E-01  1.47635739E+00  9.91331424E-01  5.35242643E-01  1.28974893E+00
  0.00000000E+00  1.98243141E-03  9.83208668E-01  1.94313776E+00  3.95339008E-01  5.21301345E-01  1.83723003E+00  8.99616339E-01  3.28805909E-01  1.45678766E+00  1.36227761E+00  3.64183718E-01  1.00891267E+00  1.62677557E+00  5.96033015E-01  6.45922979E-01  1.60724596E+00  9.59644919E-01  4.49982464E-01  1.36235119E+00  1.31614589E+00  4.60893595E-01  1.00510806E+00  1.53442227E+00  6.62052430E-01  6.81863515E-01  1.53034047E+00  9.83939600E-01  4.91200376E-01  1.32107517E+00  1.31032920E+00  4.95825184E-01  9.92822678E-01  1.51321367E+00  6.84642240E-01  6.86268169E-01  1.50684097E+00  9.95515209E-01  5.09585986E-01  1.29824139E+00  1.30689280E+00  5.13947183E-01  9.88815470E-01  1.49849554E+00  6.97251153E-01  6.92560921E-01  1.49357063E+00  9.94067418E-01  5.17691109E-01  1.29897576E+00
  0.00000000E+00  2.17535076E-03  9.79286338E-01  1.95074807E+00  3.92844675E-01  5.13813029E-01  1.84453971E+00  9.02953170E-01  3.19135835E-01  1.45693275E+00  1.37653481E+00  3.53353133E-01  9.99786781E-01  1.64327744E+00  5.95671591E-01  6.27274347E-01  1.62208019E+00  9.68667079E-01  4.31789748E-01  1.36103851E+00  1.33871667E+00  4.45288378E-01  9.95284855E-01  1.55893082E+00  6.53124524E-01  6.63213590E-01  1.55193854E+00  9.84567794E-01  4.77112945E-01  1.32366895E+00  1.32346402E+00  4.82369306E-01  9.89229701E-01  1.53085337E+00  6.74299050E-01  6.77020623E-01  1.52671131E+00  9.88017595E-01  4.94805736E-01  1.31588796E+00  1.30897971E+00  4.99441910E-01  9.92559099E-01  1.51076282E+00  6.84686157E-01  6.87475143E-01  1.50827962E+00  9.91959515E-01  5.06732369E-01  1.30604871E+00
  0.00000000E+00  2.07796716E-03  9.85486047E-01  1.94129645E+00  3.94336566E-01  5.24411847E-01  1.83433108E+00  8.97918253E-01  3.31783131E-01  1.46058557E+00  1.35366212E+00  3.69170395E-01  1.01392615E+00  1.61296098E+00  6.03964744E-01  6.50192484E-01  1.59952361E+00  9.61280364E-01  4.57060693E-01  1.35592142E+00  1.31212229E+00  4.67997950E-01  1.00893441E+00  1.52572306E+00  6.62364218E-01  6.95508395E-01  1.51864434E+00  9.72512540E-01  5.17406059E-01  1.31562367E+00  1.28086518E+00  5.21504788E-01  1.00943986E+00  1.47241050E+00  6.97216409E-01  7.19981247E-01  1.47217422E+00  9.82248904E-01  5.52809739E-01  1.28663986E+00  1.26528890E+00  5.55940914E-01  1.00808286E+00  1.43476395E+00  7.25899751E-01  7.35420790E-01  1.43295562E+00  9.96511155E-01  5.71774339E-01  1.26467756E+00
  0.00000000E+00  2.06087392E-03  9.82753165E-01  1.94510501E+00  3.93930519E-01  5.21473537E-01  1.83694905E+00  9.01034665E-01  3.25626910E-01  1.45747482E+00  1.36543982E+00  3.61056899E-01  1.00844239E+00  1.62702030E+00  5.98067415E-01  6.39288156E-01  1.61313115E+00  9.62713270E-01  4.44223731E-01  1.36225187E+00  1.32393374E+00  4.53020881E-01  1.00543633E+00  1.54526218E+00  6.50339673E-01  6.81275763E-01  1.54232250E+00  9.72026132E-01  4.90665923E-01  1.33200409E+00  1.30332078E+00  4.89336425E-01  1.00090721E+00  1.51727977E+00  6.73763644E-01  6.88580364E-01  1.52033300E+00  9.81062572E-01  5.00836497E-01  1.32012580E+00  1.30230035E+00  4.97476089E-01  9.98825908E-01  1.51315698E+00  6.79374077E-01  6.84407583E-01  1.51773271E+00  9.89491478E-01  4.98309386E-01  1.31238195E+00
  0.00000000E+00  1.98320653E-03  9.86447536E-01  1.93882085E+00  3.95840929E-01  5.27638415E-01  1.82994703E+00  8.98817190E-01  3.37134570E-01  1.45308448E+00  1.35212691E+00  3.77546111E-01  1.01146452E+00  1.60560700E+00  6.12024953E-01  6.55082753E-01  1.58726300E+00  9.62377373E-01  4.69206705E-01  1.34980331E+00  1.30222012E+00  4.81658350E-01  1.01030400E+00  1.50731391E+00  6.74087784E-01  7.03490975E-01  1.50376330E+00  9.74322909E-01  5.26202839E-01  1.30783245E+00  1.27986004E+00  5.28019470E-01  1.00757265E+00  1.46746426E+00  7.01052052E-01  7.22065589E-01  1.47105742E+00  9.79100485E-01  5.52083539E-01  1.28901716E+00  1.26751322E+00  5.52625879E-01  1.00295364E+00  1.44861066E+00  7.18993956E-01  7.25488756E-01  1.45191705E+00  9.91793287E-01  5.58655287E-01  1.27407545E+00
  0.00000000E+00  2.24503125E-03  9.80788713E-01  1.94630975E+00  3.95045035E-01  5.16251497E-01  1.84500986E+00  8.97670571E-01  3.23570044E-01  1.46251049E+00  1.36350805E+00  3.58713010E-01  1.01032979E+00  1.62757420E+00  5.96979195E-01  6.42110286E-01  1.61100544E+00  9.62458564E-01  4.41818273E-01  1.36302424E+00  1.32814137E+00  4.51326466E-01  1.00080118E+00  1.54766541E+00  6.54241231E-01  6.76196010E-01  1.54291016E+00  9.78173189E-01  4.88313811E-01  1.32566284E+00  1.30870554E+00  4.91485781E-01  9.98100564E-01  1.51472255E+00  6.78600971E-01  6.91987170E-01  1.50786445E+00  9.86823893E-01  5.12190138E-01  1.30864458E+00  1.29222161E+00  5.19469311E-01  9.94621552E-01  1.49031359E+00  6.96793980E-01  6.98670954E-01  1.49110014E+00  9.91945258E-01  5.23429954E-01  1.29528764E+00
  0.00000000E+00  2.34460767E-03  9.79739075E-01  1.94923262E+00  3.93263465E-01  5.13379275E-01  1.84487968E+00  9.03646712E-01  3.18070423E-01  1.45745022E+00  1.37717091E+00  3.51872186E-01  1.00285091E+00  1.64058521E+00  5.96305035E-01  6.27627327E-01  1.62224323E+00  9.67538973E-01  4.30530463E-01  1.36431849E+00  1.33853104E+00  4.41573806E-01  9.94513893E-01  1.56740503E+00  6.46225041E-01  6.61264713E-01  1.56104395E+00  9.79060556E-01  4.69179160E-01  1.33878270E+00  1.31816661E+00  4.74572901E-01  9.95984703E-01  1.53596765E+00  6.66449961E-01  6.73396333E-01  1.53806051E+00  9.85038411E-01  4.83146520E-01  1.32569888E+00  1.31606012E+00  4.84213076E-01  9.95150629E-01  1.52593088E+00  6.72929583E-01  6.80679989E-01  1.52676481E+00  9.87243891E-01  4.90631421E-01  1.31661774E+00
  0.00000000E+00  2.17798237E-03  9.83436312E-01  1.94387873E+00  3.94557323E-01  5.21374921E-01  1.83680875E+00  8.99323656E-01  3.29150244E-01  1.46026377E+00  1.35672543E+00  3.65531177E-01  1.01472762E+00  1.61469963E+00  6.03836327E-01  6.48351638E-01  1.60307103E+00  9.59283108E-01  4.53182526E-01  1.36174701E+00  1.31371639E+00  4.62598807E-01  1.00738181E+00  1.53251664E+00  6.57843632E-01  6.85694669E-01  1.53381248E+00  9.72893348E-01  4.98509169E-01  1.32643012E+00  1.29834262E+00  4.97440977E-01  1.00035703E+00  1.51317417E+00  6.74966743E-01  6.89083359E-01  1.52168712E+00  9.80725987E-01  5.01077307E-01  1.31704597E+00  1.30501808E+00  4.99084864E-01  9.93646065E-01  1.51567813E+00  6.80745828E-01  6.85898708E-01  1.51454150E+00  9.90049128E-01  4.99482012E-01  1.31176347E+00
  0.00000000E+00  2.05620504E-03  9.83056810E-01  1.94379083E+00  3.95460869E-01  5.21699554E-01  1.83492990E+00  9.03018791E-01  3.27306738E-01  1.45357646E+00  1.36746047E+00  3.62535092E-01  1.00571637E+00  1.62864093E+00  5.96608409E-01  6.47221097E-01  1.60400513E+00  9.60595588E-01  4.55466135E-01  1.35568857E+00  1.31429297E+00  4.67272044E-01  1.00824873E+00  1.52279904E+00  6.66614935E-01  6.92619825E-01  1.51817716E+00  9.79855047E-01  5.09969828E-01  1.31271333E+00  1.29282638E+00  5.14493843E-01  1.00231360E+00  1.48342717E+00  6.96426366E-01  7.08098949E-01  1.48461255E+00  9.85554606E-01  5.34101052E-01  1.29532387E+00  1.28279268E+00  5.34516993E-01  9.99029546E-01  1.46946329E+00  7.06844393E-01  7.13202444E-01  1.47092066E+00  9.91217342E-01  5.41703251E-01  1.28506750E+00
  0.00000000E+00  2.18853912E-03  9.81390968E-01  1.94601605E+00  3.94550279E-01  5.17770117E-01  1.84002522E+00  9.02437075E-01  3.25419406E-01  1.45746126E+00  1.36444077E+00  3.63900524E-01  1.00680584E+00  1.62343882E+00  6.04186810E-01  6.39699563E-01  1.60387017E+00  9.69920906E-01  4.46350990E-01  1.35131007E+00  1.32948993E+00  4.60795086E-01  9.95418626E-01  1.54184871E+00  6.64934985E-01  6.78083247E-01  1.52680512E+00  9.88733782E-01  4.94782816E-01  1.31215461E+00  1.31240567E+00  5.01661891E-01  9.89737518E-01  1.50589945E+00  6.92299960E-01  6.91205588E-01  1.49742934E+00  9.92383038E-01  5.18316215E-01  1.29881836E+00  1.29772111E+00  5.17715279E-01  9.96574613E-01  1.48981641E+00  6.96087235E-01  7.01614427E-01  1.48800773E+00  9.92063357E-01  5.25172451E-01  1.29417342E+00
  0.00000000E+00  1.96197849E-03  9.81435196E-01  1.94805378E+00  3.91629389E-01  5.19277608E-01  1.84345531E+00  8.96721150E-01  3.24158001E-01  1.46327887E+00  1.36050183E+00  3.62956286E-01  1.00990758E+00  1.62248415E+00  6.03197459E-01  6.39335947E-01  1.60970443E+00  9.62484592E-01  4.50504334E-01  1.35704451E+00  1.31966699E+00  4.63880937E-01  1.00328925E+00  1.53082669E+00  6.64802816E-01  6.85911030E-01  1.52374333E+00  9.79723770E-01  5.07659140E-01  1.31463045E+00  1.29065932E+00  5.19112282E-01  9.97583918E-01  1.48353766E+00  7.00010046E-01  7.06797789E-01  1.48034195E+00  9.88695947E-01  5.37890287E-01  1.29042736E+00  1.28113266E+00  5.40353828E-01  9.96302438E-01  1.46534602E+00  7.12784062E-01  7.13270138E-01  1.46744723E+00  9.93622132E-01  5.42319683E-01  1.28347177E+00
  0.00000000E+00  2.16671510E-03  9.86356606E-01  1.93905809E+00  3.95920175E-01  5.26100445E-01  1.83065959E+00  9.00213186E-01  3.30300909E-01  1.45808291E+00  1.35858400E+00  3.66252620E-01  1.01217632E+00  1.61838551E+00  6.01941368E-01  6.44683972E-01  1.60928457E+00  9.56663492E-01  4.51731892E-01  1.36622585E+00  1.30847892E+00  4.64268586E-01  1.01539033E+00  1.51845938E+00  6.66094550E-01  6.94126613E-01  1.51523540E+00  9.80687192E-01  5.10588359E-01  1.31434021E+00  1.29006458E+00  5.16010392E-01  1.00235459E+00  1.48162972E+00  7.00477015E-01  7.03697912E-01  1.48163446E+00  9.95163028E-01  5.29837560E-01  1.28911650E+00  1.29317330E+00  5.31645674E-01  9.92149443E-01  1.47741380E+00  7.09746374E-01  7.04939556E-01  1.47040792E+00  9.98475090E-01  5.36477844E-01  1.28646080E+00
  0.00000000E+00  2.00667915E-03  9.81243144E-01  1.94891036E+00  3.91456125E-01  5.16437340E-01  1.84613674E+00  8.97288621E-01  3.22749714E-01  1.46393764E+00  1.36160566E+00  3.60065986E-01  1.01341595E+00  1.62124936E+00  6.01016793E-01  6.45028415E-01  1.60321748E+00  9.64558126E-01  4.51556105E-01  1.35621905E+00  1.31754878E+00  4.65384175E-01  1.00553541E+00  1.52701356E+00  6.66738997E-01  6.89737195E-01  1.51737730E+00  9.81021443E-01  5.09297780E-01  1.31288270E+00  1.29309529E+00  5.15635222E-01  9.98286670E-01  1.48945383E+00  6.92711214E-01  7.06538374E-01  1.48996388E+00  9.82368949E-01  5.33160506E-01  1.29848353E+00  1.27959233E+00  5.33561358E-01  1.00317200E+00  1.46767885E+00  7.07313833E-01  7.13805296E-01  1.46923605E+00  9.93308411E-01  5.39500366E-01  1.28583076E+00
  0.00000000E+00  2.15556502E-03  9.81334173E-01  1.94739125E+00  3.93024084E-01  5.21866319E-01  1.83629055E+00  9.01506074E-01  3.28361311E-01  1.45312674E+00  1.36499437E+00  3.66333442E-01  1.00806706E+00  1.61926792E+00  6.05166828E-01  6.45486532E-01  1.60020176E+00  9.66298004E-01  4.53159539E-01  1.34991272E+00  1.32388519E+00  4.66141703E-01  9.96351841E-01  1.53788004E+00  6.63967266E-01  6.81376608E-01  1.52820476E+00  9.76544054E-01  5.09737076E-01  1.31419473E+00  1.29097195E+00  5.18009977E-01  9.98558978E-01  1.48622565E+00  6.95775530E-01  7.07923399E-01  1.48229448E+00  9.86366205E-01  5.39225179E-01  1.29112247E+00  1.27776695E+00  5.44730192E-01  9.96253944E-01  1.46014157E+00  7.16986988E-01  7.16179343E-01  1.46084992E+00  9.90875064E-01  5.53810964E-01  1.27703706E+00
  0.00000000E+00  2.01201872E-03  9.81453765E-01  1.94833394E+00  3.92107825E-01  5.15428565E-01  1.84516199E+00  9.00961580E-01  3.20554677E-01  1.46084919E+00  1.36924312E+00  3.55850316E-01  1.00865617E+00  1.62972968E+00  5.97035665E-01  6.39105379E-01  1.61133031E+00  9.65097037E-01  4.45076709E-01  1.35785919E+00  1.32638901E+00  4.56371844E-01  9.98609741E-01  1.54531113E+00  6.58271161E-01  6.73775722E-01  1.54225030E+00  9.79336137E-01  4.88538894E-01  1.32575288E+00  1.30777445E+00  4.94205869E-01  9.92428062E-01  1.51721868E+00  6.81777372E-01  6.85061055E-01  1.51228974E+00  9.89738326E-01  5.07379766E-01  1.30489651E+00  1.30707258E+00  5.10329377E-01  9.85482951E-01  1.50719611E+00  6.92534994E-01  6.86612942E-01  1.50389260E+00  9.93761867E-01  5.08092949E-01  1.30513318E+00
  0.00000000E+00  1.97032993E-03  9.79995829E-01  1.94777147E+00  3.93636135E-01  5.17657553E-01  1.84239835E+00  8.99478706E-01  3.25790386E-01  1.46060943E+00  1.36068657E+00  3.65195882E-01  1.01097796E+00  1.61788914E+00  6.03608595E-01  6.48151790E-01  1.59819053E+00  9.62960631E-01  4.56578118E-01  1.35515935E+00  1.31249262E+00  4.70733445E-01  1.00438061E+00  1.52901139E+00  6.64621024E-01  6.85614013E-01  1.52622479E+00  9.77210917E-01  5.04402393E-01  1.31761026E+00  1.29748094E+00  5.07569315E-01  9.98588707E-01  1.49905161E+00  6.86072059E-01  7.01107699E-01  1.49562391E+00  9.86029801E-01  5.24073637E-01  1.29710341E+00  1.29357364E+00  5.26579980E-01  9.93460899E-01  1.48534744E+00  7.00115158E-01  7.00626629E-01  1.48977255E+00  9.89017696E-01  5.25851464E-01  1.29527857E+00
  0.00000000E+00  2.11674705E-03  9.84378489E-01  1.94211021E+00  3.94742235E-01  5.23844179E-01  1.83405016E+00  9.00154983E-01  3.31210994E-01  1.45395322E+00  1.36174190E+00  3.66580425E-01  1.01070217E+00  1.61835666E+00  6.02790067E-01  6.45839292E-01  1.60550052E+00  9.59156549E-01  4.53849895E-01  1.35965926E+00  1.31294887E+00  4.65256424E-01  1.00792005E+00  1.52922040E+00  6.61623938E-01  6.89552303E-01  1.52556406E+00  9.74512319E-01  5.07264414E-01  1.31865194E+00  1.29421783E+00  5.05622625E-01  1.00815547E+00  1.48998570E+00  6.83230562E-01  7.12387916E-01  1.49564262E+00  9.71154139E-01  5.35571136E-01  1.30429266E+00  1.27802907E+00  5.30696660E-01  1.00245150E+00  1.47460302E+00  7.00900243E-01  7.12098153E-01  1.47773442E+00  9.87439291E-01  5.37498767E-01  1.28836888E+00
  0.00000000E+00  2.10566286E-03  9.83749976E-01  1.94129371E+00  3.96097066E-01  5.24387969E-01  1.83615797E+00  8.96352548E-01  3.34214934E-01  1.45552887E+00  1.35587504E+00  3.73154236E-01  1.01347712E+00  1.60406175E+00  6.10925950E-01  6.55734842E-01  1.58826084E+00  9.61139160E-01  4.68414470E-01  1.35071352E+00  1.30297438E+00  4.80051000E-01  1.00953393E+00  1.51251853E+00  6.69860049E-01  7.01081950E-01  1.50898585E+00  9.74069550E-01  5.24308794E-01  1.31344228E+00  1.27423367E+00  5.29784147E-01  1.00993943E+00  1.46165539E+00  7.02365656E-01  7.29640504E-01  1.45811902E+00  9.84325137E-01  5.62525851E-01  1.27870954E+00  1.26325733E+00  5.63633900E-01  1.00511506E+00  1.42914766E+00  7.29896280E-01  7.40833307E-01  1.42586613E+00  9.95112101E-01  5.80899160E-01  1.25980210E+00
