# PIMCID: 90c3473b-d754-47ac-8e97-3e968a3d4b81
#      0.000E+00       1.000E+00       2.000E+00       3.000E+00       4.000E+00       5.000E+00       6.000E+00       7.000E+00       8.000E+00       9.000E+00       1.000E+01       1.100E+01       1.200E+01       1.300E+01       1.400E+01       1.500E+01       1.600E+01       1.700E+01       1.800E+01       1.900E+01       2.000E+01       2.100E+01       2.200E+01       2.300E+01       2.400E+01       2.500E+01       2.600E+01       2.700E+01       2.800E+01       2.900E+01       3.000E+01       3.100E+01       3.200E+01       3.300E+01       3.400E+01       3.500E+01       3.600E+01       3.700E+01       3.800E+01       3.900E+01       4.000E+01       4.100E+01       4.200E+01       4.300E+01       4.400E+01       4.500E+01       4.600E+01       4.700E+01       4.800E+01       4.900E+01
  0.00000000E+00  2.23274357E-03  9.81627121E-01  1.94660395E+00  3.93870898E-01  5.20433526E-01  1.83733001E+00  9.00829102E-01  3.26420093E-01  1.45833999E+00  1.36242873E+00  3.63276690E-01  1.01045864E+00  1.62193310E+00  6.01906185E-01  6.44350662E-01  1.60424834E+00  9.63572065E-01  4.50755900E-01  1.35699323E+00  1.31951936E+00  4.62196117E-01  1.00465411E+00  1.53331500E+00  6.61616649E-01  6.86810856E-01  1.52748829E+00  9.76315773E-01  5.05414675E-01  1.31907043E+00  1.29170878E+00  5.11291066E-01  1.00359264E+00  1.48785788E+00  6.90695683E-01  7.09333681E-01  1.48618553E+00  9.83109970E-01  5.35439523E-01  1.29778621E+00  1.27758199E+00  5.38436917E-01  1.00071259E+00  1.46456829E+00  7.08654640E-01  7.18154677E-01  1.46366567E+00  9.91116554E-01  5.48872445E-01  1.28055636E+00
  0.00000000E+00  2.16527271E-03  9.83930261E-01  1.94311126E+00  3.94861374E-01  5.22357266E-01  1.83415401E+00  9.01749981E-01  3.29675626E-01  1.45546874E+00  1.36065019E+00  3.67704763E-01  1.00989773E+00  1.61784401E+00  6.03891362E-01  6.47042745E-01  1.60156495E+00  9.61524731E-01  4.58495289E-01  1.35342182E+00  1.31245841E+00  4.71700974E-01  1.00651154E+00  1.52016489E+00  6.69999073E-01  6.94047287E-01  1.51091528E+00  9.80462016E-01  5.19877795E-01  1.30592560E+00  1.28730244E+00  5.25714227E-01  1.00040975E+00  1.47306363E+00  7.04512843E-01  7.14700601E-01  1.46906796E+00  9.88277815E-01  5.49319253E-01  1.28267560E+00  1.27545392E+00  5.52623764E-01  9.95564209E-01  1.45231832E+00  7.20927837E-01  7.22456440E-01  1.45095937E+00  9.92630928E-01  5.61723145E-01  1.27205705E+00
  0.00000000E+00  2.14383026E-03  9.83652507E-01  1.94285948E+00  3.95468677E-01  5.23605944E-01  1.83227929E+00  9.01209895E-01  3.33217542E-01  1.45380344E+00  1.35723846E+00  3.71525875E-01  1.01536182E+00  1.60591246E+00  6.07389237E-01  6.57654176E-01  1.58808647E+00  9.61245837E-01  4.69250703E-01  1.34870345E+00  1.30252477E+00  4.82883877E-01  1.01052313E+00  1.50548093E+00  6.77682881E-01  7.03326686E-01  1.49682753E+00  9.82400786E-01  5.30987475E-01  1.29734889E+00  1.28098605E+00  5.37692930E-01  1.00002664E+00  1.46048748E+00  7.12802465E-01  7.25287128E-01  1.45131810E+00  9.91113628E-01  5.62701234E-01  1.27115658E+00  1.27060372E+00  5.64256144E-01  9.94899663E-01  1.44248567E+00  7.27290991E-01  7.29202231E-01  1.43983803E+00  9.94704698E-01  5.69139754E-01  1.26674416E+00
  0.00000000E+00  2.15020256E-03  9.82343178E-01  1.94616945E+00  3.92853895E-01  5.17686291E-01  1.84417576E+00  8.97887154E-01  3.22166822E-01  1.46435203E+00  1.36215424E+00  3.59524101E-01  1.01146844E+00  1.62598033E+00  5.98213512E-01  6.42315017E-01  1.60945978E+00  9.62419545E-01  4.47179691E-01  1.35831723E+00  1.32299024E+00  4.59264684E-01  1.00341655E+00  1.53658595E+00  6.61529995E-01  6.82520111E-01  1.52683329E+00  9.82481293E-01  5.01089605E-01  1.31718508E+00  1.29859346E+00  5.08151534E-01  9.99790635E-01  1.49045836E+00  6.95402898E-01  7.03320907E-01  1.48465820E+00  9.91202482E-01  5.31737898E-01  1.29058385E+00  1.28858396E+00  5.35331918E-01  9.92943496E-01  1.47295585E+00  7.10449353E-01  7.10912634E-01  1.46597209E+00  9.96670822E-01  5.41710275E-01  1.28318926E+00
  0.00000000E+00  2.10512750E-03  9.84707954E-01  1.94106419E+00  3.95386288E-01  5.23960278E-01  1.83585803E+00  8.96429301E-01  3.32870938E-01  1.45942007E+00  1.35204037E+00  3.71899936E-01  1.01679531E+00  1.60526309E+00  6.08307627E-01  6.55551827E-01  1.58896868E+00  9.63141305E-01  4.66038341E-01  1.34958662E+00  1.30669276E+00  4.80366865E-01  1.00929743E+00  1.50723651E+00  6.76452983E-01  7.03210669E-01  1.49833623E+00  9.80730139E-01  5.29497192E-01  1.29911049E+00  1.28165935E+00  5.36192005E-01  9.98841756E-01  1.46655358E+00  7.09309767E-01  7.19538870E-01  1.45984707E+00  9.90361364E-01  5.55196769E-01  1.27961185E+00  1.26911466E+00  5.58685492E-01  9.99841296E-01  1.44345876E+00  7.22886127E-01  7.30322609E-01  1.44259086E+00  9.93446309E-01  5.66194237E-01  1.26935405E+00
  0.00000000E+00  2.38365366E-03  9.81502836E-01  1.94529831E+00  3.95293512E-01  5.21081125E-01  1.83849808E+00  8.97730717E-01  3.29039949E-01  1.45895592E+00  1.35862819E+00  3.66603731E-01  1.01097430E+00  1.61800567E+00  6.03139729E-01  6.50761367E-01  1.59816887E+00  9.58750811E-01  4.62214461E-01  1.35777997E+00  1.30080617E+00  4.77644851E-01  1.01335048E+00  1.50987413E+00  6.69548726E-01  7.02578458E-01  1.51070273E+00  9.69142889E-01  5.30442808E-01  1.31066562E+00  1.26768140E+00  5.37773333E-01  1.00979243E+00  1.45672671E+00  7.07140942E-01  7.27619521E-01  1.45954463E+00  9.80406260E-01  5.64266926E-01  1.27953285E+00  1.26420780E+00  5.63244363E-01  9.97520179E-01  1.44173137E+00  7.26072799E-01  7.28885432E-01  1.44125723E+00  9.93025993E-01  5.72392261E-01  1.26494285E+00
  0.00000000E+00  2.15103535E-03  9.82104284E-01  1.94552423E+00  3.94289539E-01  5.20009734E-01  1.83852825E+00  8.99772368E-01  3.28475260E-01  1.45911101E+00  1.35820899E+00  3.67793455E-01  1.01024636E+00  1.61653813E+00  6.04604383E-01  6.50441673E-01  1.59540290E+00  9.64730318E-01  4.59264706E-01  1.34976326E+00  1.31415058E+00  4.73796247E-01  1.00388265E+00  1.52100900E+00  6.71337386E-01  6.93063519E-01  1.51042338E+00  9.81636652E-01  5.18544791E-01  1.30494974E+00  1.28932872E+00  5.24846932E-01  9.98897812E-01  1.47641420E+00  7.03293965E-01  7.14245138E-01  1.46999825E+00  9.88457695E-01  5.46815712E-01  1.28422876E+00  1.27608409E+00  5.50810355E-01  9.96956165E-01  1.45418125E+00  7.19336969E-01  7.20933359E-01  1.45419618E+00  9.91862695E-01  5.59072899E-01  1.27361835E+00
  0.00000000E+00  2.17125989E-03  9.83419804E-01  1.94392056E+00  3.93980935E-01  5.23190324E-01  1.83454678E+00  8.99345862E-01  3.32732408E-01  1.45676158E+00  1.35529447E+00  3.71827876E-01  1.01513202E+00  1.60552049E+00  6.08244166E-01  6.57956311E-01  1.58705722E+00  9.61029869E-01  4.72699795E-01  1.34432619E+00  1.30329519E+00  4.87702426E-01  1.00578639E+00  1.50305354E+00  6.83332175E-01  7.03197208E-01  1.49080171E+00  9.85061817E-01  5.35827807E-01  1.29129970E+00  1.27951773E+00  5.45506761E-01  9.96983311E-01  1.45499232E+00  7.19123531E-01  7.24761404E-01  1.44648216E+00  9.93376420E-01  5.67458701E-01  1.26778269E+00  1.26524505E+00  5.72373157E-01  9.96470081E-01  1.43110017E+00  7.33410372E-01  7.37187856E-01  1.42884651E+00  9.92985135E-01  5.81575265E-01  1.25963880E+00
  0.00000000E+00  2.10247016E-03  9.84034363E-01  1.94238095E+00  3.95137461E-01  5.22982593E-01  1.83428633E+00  9.00976001E-01  3.30082645E-01  1.45552434E+00  1.35984717E+00  3.68218943E-01  1.01202461E+00  1.61385457E+00  6.05321121E-01  6.50241746E-01  1.59674622E+00  9.62916928E-01  4.58963454E-01  1.35380473E+00  1.31124778E+00  4.71593733E-01  1.00791692E+00  1.51979183E+00  6.68863694E-01  6.93248279E-01  1.51520712E+00  9.78546580E-01  5.15830962E-01  1.31127525E+00  1.28576456E+00  5.22335818E-01  1.00401730E+00  1.47582904E+00  6.99763825E-01  7.14717709E-01  1.47314012E+00  9.87069889E-01  5.44449447E-01  1.28721549E+00  1.27753799E+00  5.46589258E-01  9.97205183E-01  1.45756690E+00  7.17107397E-01  7.18911759E-01  1.45731943E+00  9.93913607E-01  5.52375936E-01  1.27753389E+00
  0.00000000E+00  2.10247016E-03  9.84034363E-01  1.94238095E+00  3.95137461E-01  5.22982593E-01  1.83428633E+00  9.00976001E-01  3.30082645E-01  1.45552434E+00  1.35984717E+00  3.68218943E-01  1.01202461E+00  1.61385457E+00  6.05321121E-01  6.50241746E-01  1.59674622E+00  9.62916928E-01  4.58963454E-01  1.35380473E+00  1.31124778E+00  4.71593733E-01  1.00791692E+00  1.51979183E+00  6.68863694E-01  6.93248279E-01  1.51520712E+00  9.78546580E-01  5.15830962E-01  1.31127525E+00  1.28576456E+00  5.22335818E-01  1.00401730E+00  1.47582904E+00  6.99763825E-01  7.14717709E-01  1.47314012E+00  9.87069889E-01  5.44449447E-01  1.28721549E+00  1.27753799E+00  5.46589258E-01  9.97205183E-01  1.45756690E+00  7.17107397E-01  7.18911759E-01  1.45731943E+00  9.93913607E-01  5.52375936E-01  1.27753389E+00
  0.00000000E+00  1.96713418E-03  9.81482043E-01  1.94881103E+00  3.91543191E-01  5.19663446E-01  1.83956065E+00  8.98298065E-01  3.27284646E-01  1.46288772E+00  1.35794880E+00  3.63289182E-01  1.01583501E+00  1.61846783E+00  5.96194431E-01  6.52056352E-01  1.60390461E+00  9.56925992E-01  4.55543952E-01  1.36032640E+00  1.31106123E+00  4.66785785E-01  1.00923599E+00  1.52439625E+00  6.63038619E-01  6.97738008E-01  1.51501274E+00  9.74100475E-01  5.20876342E-01  1.30814688E+00  1.28510041E+00  5.24613540E-01  1.00475683E+00  1.47057874E+00  7.02007675E-01  7.17758422E-01  1.47268829E+00  9.84051557E-01  5.48783493E-01  1.28439076E+00  1.27484258E+00  5.49810201E-01  9.99286351E-01  1.45303732E+00  7.16659348E-01  7.24000135E-01  1.45289933E+00  9.92881705E-01  5.56391742E-01  1.27641211E+00
  0.00000000E+00  2.11434158E-03  9.81464626E-01  1.94632165E+00  3.93957311E-01  5.19249070E-01  1.83994116E+00  8.99745599E-01  3.26480150E-01  1.46006444E+00  1.36058494E+00  3.64253511E-01  1.01108276E+00  1.61984351E+00  6.01845847E-01  6.45594725E-01  1.60638583E+00  9.58861662E-01  4.52092607E-01  1.36126617E+00  1.31362042E+00  4.64136616E-01  1.00801054E+00  1.52871307E+00  6.62770326E-01  6.89446239E-01  1.52584261E+00  9.72323189E-01  5.12862294E-01  1.31460501E+00  1.28862974E+00  5.18029516E-01  1.00325695E+00  1.47976368E+00  6.98488662E-01  7.11894164E-01  1.47601275E+00  9.87185691E-01  5.42140245E-01  1.28914916E+00  1.27765523E+00  5.45224470E-01  9.96470275E-01  1.46055654E+00  7.14855274E-01  7.18137942E-01  1.46051807E+00  9.90910022E-01  5.54112367E-01  1.27686236E+00
  0.00000000E+00  2.17978670E-03  9.83172607E-01  1.94379411E+00  3.94144543E-01  5.23354822E-01  1.83501682E+00  8.98915458E-01  3.31472354E-01  1.45794919E+00  1.35610334E+00  3.69126407E-01  1.01357826E+00  1.61291060E+00  6.04098714E-01  6.53659700E-01  1.59421575E+00  9.61724261E-01  4.63281549E-01  1.35212092E+00  1.30642823E+00  4.78008175E-01  1.00852881E+00  1.51108267E+00  6.74148749E-01  7.02276568E-01  1.50136231E+00  9.78624364E-01  5.30116771E-01  1.30068532E+00  1.27918458E+00  5.35708390E-01  1.00542954E+00  1.45792345E+00  7.09666533E-01  7.28450583E-01  1.45244560E+00  9.86862166E-01  5.64580475E-01  1.27589902E+00  1.26277680E+00  5.67109116E-01  1.00022582E+00  1.43430787E+00  7.29815516E-01  7.34714757E-01  1.43275481E+00  9.95640010E-01  5.74641588E-01  1.26311553E+00
  0.00000000E+00  2.16922945E-03  9.82935239E-01  1.94368945E+00  3.94977250E-01  5.23802309E-01  1.83258005E+00  9.01864002E-01  3.33969921E-01  1.45082481E+00  1.35984787E+00  3.73262218E-01  1.00785976E+00  1.60977442E+00  6.10710399E-01  6.53361022E-01  1.58837060E+00  9.64992209E-01  4.66088672E-01  1.34792846E+00  1.30720800E+00  4.79237801E-01  1.00831455E+00  1.51159393E+00  6.72210607E-01  7.02182892E-01  1.50405203E+00  9.78105223E-01  5.26101168E-01  1.30720129E+00  1.27709961E+00  5.32513994E-01  1.00689098E+00  1.46199840E+00  7.04511048E-01  7.27027272E-01  1.46121036E+00  9.81329512E-01  5.61578142E-01  1.28292801E+00  1.26087682E+00  5.62114344E-01  1.00452917E+00  1.43504743E+00  7.25966275E-01  7.35689075E-01  1.43529591E+00  9.93531875E-01  5.74581126E-01  1.26339862E+00
  0.00000000E+00  2.19241758E-03  9.82791691E-01  1.94392883E+00  3.95078749E-01  5.21385290E-01  1.83646632E+00  8.99826450E-01  3.29621522E-01  1.45785606E+00  1.35828243E+00  3.67260425E-01  1.01279589E+00  1.61459962E+00  6.05293166E-01  6.47611890E-01  1.59894248E+00  9.64448690E-01  4.55497773E-01  1.35376384E+00  1.31629949E+00  4.68601042E-01  1.00515746E+00  1.52453251E+00  6.67975737E-01  6.90780012E-01  1.51601690E+00  9.81175863E-01  5.11870673E-01  1.31141464E+00  1.29087088E+00  5.18148763E-01  1.00105962E+00  1.48221519E+00  6.97239078E-01  7.11246332E-01  1.47923956E+00  9.84931485E-01  5.41771330E-01  1.29030735E+00  1.27740412E+00  5.44551518E-01  9.97655954E-01  1.45967284E+00  7.15381904E-01  7.19054980E-01  1.45746079E+00  9.94109184E-01  5.52317979E-01  1.27722663E+00
  0.00000000E+00  2.11532862E-03  9.82969522E-01  1.94496426E+00  3.93588204E-01  5.21584523E-01  1.83684328E+00  8.99987625E-01  3.28476669E-01  1.45847621E+00  1.35960143E+00  3.65712154E-01  1.01217252E+00  1.61743066E+00  6.03876059E-01  6.47906510E-01  1.59846202E+00  9.64953526E-01  4.55840385E-01  1.35284739E+00  1.31606327E+00  4.70268860E-01  1.00227520E+00  1.52576325E+00  6.68886705E-01  6.88128463E-01  1.51718378E+00  9.82799002E-01  5.10859630E-01  1.30975630E+00  1.29347387E+00  5.17999686E-01  9.97346359E-01  1.48551088E+00  6.98912274E-01  7.06361546E-01  1.48071566E+00  9.90060487E-01  5.36983458E-01  1.28633134E+00  1.28706506E+00  5.40106302E-01  9.92758738E-01  1.46863249E+00  7.12244879E-01  7.12592540E-01  1.46525273E+00  9.94238210E-01  5.45005209E-01  1.28194888E+00
  0.00000000E+00  2.17232661E-03  9.83983877E-01  1.94312366E+00  3.93922778E-01  5.24296827E-01  1.83432051E+00  8.99202932E-01  3.31593480E-01  1.45701493E+00  1.35672719E+00  3.70137676E-01  1.01278647E+00  1.61037079E+00  6.07298958E-01  6.52338365E-01  1.59322924E+00  9.63532697E-01  4.61762715E-01  1.35253404E+00  1.30792434E+00  4.77162780E-01  1.00717736E+00  1.51377506E+00  6.73978410E-01  6.96614500E-01  1.50835153E+00  9.77709276E-01  5.23544136E-01  1.30599851E+00  1.28137913E+00  5.30742294E-01  1.00385310E+00  1.46780002E+00  7.04073743E-01  7.20025856E-01  1.46696276E+00  9.84305524E-01  5.55035672E-01  1.28390335E+00  1.26487320E+00  5.59464825E-01  1.00127902E+00  1.44254935E+00  7.22683883E-01  7.30440986E-01  1.44288940E+00  9.92834714E-01  5.67111168E-01  1.26853999E+00
  0.00000000E+00  2.18894432E-03  9.84035032E-01  1.94206262E+00  3.95401064E-01  5.23735779E-01  1.83298786E+00  9.01167142E-01  3.31054219E-01  1.45491151E+00  1.36069088E+00  3.67328766E-01  1.00926638E+00  1.61907428E+00  6.02971430E-01  6.47947742E-01  1.60125245E+00  9.61586384E-01  4.56000728E-01  1.35681456E+00  1.31177778E+00  4.69635284E-01  1.00903964E+00  1.52042555E+00  6.67624097E-01  6.95465982E-01  1.51236161E+00  9.78244744E-01  5.19748935E-01  1.30650119E+00  1.28711045E+00  5.24846427E-01  1.00186371E+00  1.47379855E+00  7.01895400E-01  7.17423619E-01  1.46951294E+00  9.85517826E-01  5.50730873E-01  1.28393025E+00  1.27253538E+00  5.52841628E-01  9.98072447E-01  1.45040607E+00  7.20746378E-01  7.25621284E-01  1.44869323E+00  9.92327782E-01  5.63138730E-01  1.27101781E+00
  0.00000000E+00  2.24103670E-03  9.84770675E-01  1.94047066E+00  3.95122400E-01  5.26580712E-01  1.83099691E+00  8.98754439E-01  3.35136690E-01  1.45547374E+00  1.35408891E+00  3.72965204E-01  1.01539730E+00  1.60437210E+00  6.10200998E-01  6.56690597E-01  1.58475934E+00  9.68069085E-01  4.66228776E-01  1.34342495E+00  1.31198393E+00  4.80108152E-01  1.00265791E+00  1.51523478E+00  6.75450744E-01  6.94950702E-01  1.50734940E+00  9.81243869E-01  5.20975520E-01  1.30597015E+00  1.28378311E+00  5.26261669E-01  1.00593320E+00  1.47147852E+00  6.99484272E-01  7.20029596E-01  1.47102000E+00  9.81386141E-01  5.52737950E-01  1.28757615E+00  1.26602372E+00  5.55554160E-01  1.00316159E+00  1.44467339E+00  7.21186411E-01  7.28049171E-01  1.44543269E+00  9.93599315E-01  5.64175926E-01  1.27011665E+00
  0.00000000E+00  2.01212564E-03  9.81936881E-01  1.94719440E+00  3.92245601E-01  5.19375447E-01  1.84124883E+00  8.97906421E-01  3.25265027E-01  1.46473855E+00  1.35819518E+00  3.61218419E-01  1.01755397E+00  1.61748631E+00  5.97978208E-01  6.52054758E-01  1.60340834E+00  9.55390095E-01  4.58672309E-01  1.36178042E+00  1.30333255E+00  4.71283644E-01  1.01583940E+00  1.51226584E+00  6.67712120E-01  7.01230167E-01  1.50823498E+00  9.76745330E-01  5.24757251E-01  1.30305526E+00  1.28649622E+00  5.27021084E-01  1.00126184E+00  1.47223130E+00  7.03567241E-01  7.17572828E-01  1.46679032E+00  9.90832528E-01  5.47372712E-01  1.28158808E+00  1.27936189E+00  5.49028377E-01  9.93102215E-01  1.46134635E+00  7.15801762E-01  7.17752159E-01  1.45664545E+00  9.96719161E-01  5.49134270E-01  1.27958971E+00
  0.00000000E+00  1.95047819E-03  9.78117259E-01  1.95307962E+00  3.90813269E-01  5.17375864E-01  1.84328517E+00  8.98649661E-01  3.25479119E-01  1.46175347E+00  1.35731126E+00  3.67411934E-01  1.01438933E+00  1.60982570E+00  6.08440137E-01  6.56555434E-01  1.58563915E+00  9.62916514E-01  4.72430101E-01  1.34410183E+00  1.30247487E+00  4.88463954E-01  1.00605990E+00  1.50143341E+00  6.83420485E-01  7.05221803E-01  1.48884157E+00  9.85441882E-01  5.35626741E-01  1.29400869E+00  1.27869448E+00  5.42940119E-01  9.98394466E-01  1.45625886E+00  7.18657830E-01  7.22944415E-01  1.44889255E+00  9.94568514E-01  5.62684977E-01  1.26869729E+00  1.27167969E+00  5.65326618E-01  9.92311389E-01  1.44471799E+00  7.25906441E-01  7.27667340E-01  1.44281950E+00  9.93438254E-01  5.66772277E-01  1.26944171E+00
  0.00000000E+00  2.08464341E-03  9.83034240E-01  1.94368163E+00  3.94764187E-01  5.22488287E-01  1.83581935E+00  8.98687379E-01  3.31911997E-01  1.45759156E+00  1.35639154E+00  3.69546531E-01  1.01523723E+00  1.60833104E+00  6.07367732E-01  6.55444065E-01  1.58911940E+00  9.63093980E-01  4.66890809E-01  1.34761975E+00  1.30666449E+00  4.81123150E-01  1.00542087E+00  1.51251052E+00  6.75365999E-01  7.00775223E-01  1.50086292E+00  9.80801339E-01  5.27557261E-01  1.30310134E+00  1.28016367E+00  5.31890073E-01  1.00420812E+00  1.46457151E+00  7.05709762E-01  7.23545919E-01  1.46353875E+00  9.81323952E-01  5.60267680E-01  1.28381578E+00  1.26018616E+00  5.64386263E-01  1.00072415E+00  1.43761080E+00  7.26334489E-01  7.33296056E-01  1.43747650E+00  9.93269912E-01  5.71026842E-01  1.26669848E+00
  0.00000000E+00  2.26658585E-03  9.84546237E-01  1.94176893E+00  3.94987075E-01  5.23503121E-01  1.83284967E+00  9.01639384E-01  3.30031563E-01  1.45766901E+00  1.35744092E+00  3.67897257E-01  1.01549053E+00  1.61138835E+00  6.04399551E-01  6.54349441E-01  1.59306220E+00  9.61546782E-01  4.63871675E-01  1.35161493E+00  1.30783771E+00  4.76712057E-01  1.00856048E+00  1.51253830E+00  6.73280259E-01  6.98975496E-01  1.50580283E+00  9.79366655E-01  5.23827179E-01  1.30371156E+00  1.28465621E+00  5.29490141E-01  1.00171061E+00  1.46970404E+00  7.04447177E-01  7.19083731E-01  1.46490590E+00  9.87876342E-01  5.53605030E-01  1.28119307E+00  1.27158459E+00  5.55041640E-01  9.98765734E-01  1.44794051E+00  7.20444729E-01  7.27451766E-01  1.44820209E+00  9.91028710E-01  5.64154466E-01  1.27111113E+00
  0.00000000E+00  2.21048020E-03  9.83813880E-01  1.94277743E+00  3.93687084E-01  5.26609621E-01  1.83474299E+00  8.94784087E-01  3.35578952E-01  1.45725824E+00  1.35058894E+00  3.74994041E-01  1.01756441E+00  1.60263556E+00  6.07528479E-01  6.63054942E-01  1.58378409E+00  9.56071504E-01  4.76911146E-01  1.35060962E+00  1.29320154E+00  4.87697073E-01  1.01945855E+00  1.48840598E+00  6.81620224E-01  7.18354364E-01  1.48438030E+00  9.77383456E-01  5.44167806E-01  1.29386856E+00  1.26714897E+00  5.51867858E-01  1.00725289E+00  1.43854224E+00  7.21083158E-01  7.39557045E-01  1.43532992E+00  9.88749387E-01  5.76969769E-01  1.26928777E+00  1.25345461E+00  5.77539607E-01  1.00496311E+00  1.41879180E+00  7.36141868E-01  7.47118647E-01  1.41837461E+00  9.93915703E-01  5.89313354E-01  1.25418770E+00
  0.00000000E+00  2.21456378E-03  9.81495095E-01  1.94704557E+00  3.92962438E-01  5.21673963E-01  1.83716868E+00  8.98778416E-01  3.28467940E-01  1.46104585E+00  1.35641880E+00  3.66927637E-01  1.01331966E+00  1.61597138E+00  6.02169321E-01  6.49508162E-01  1.60157506E+00  9.59529704E-01  4.56815202E-01  1.35899692E+00  1.31056023E+00  4.66898401E-01  1.00806800E+00  1.52772121E+00  6.61778510E-01  6.90801148E-01  1.52687804E+00  9.70764500E-01  5.09695537E-01  1.32346836E+00  1.28254915E+00  5.14690700E-01  1.01063203E+00  1.47902741E+00  6.91161537E-01  7.18089758E-01  1.47918564E+00  9.77328653E-01  5.48148920E-01  1.29315289E+00  1.26869571E+00  5.48165988E-01  1.00445518E+00  1.45022862E+00  7.16726608E-01  7.24953510E-01  1.45329729E+00  9.90338245E-01  5.59891597E-01  1.27389560E+00
  0.00000000E+00  2.25012100E-03  9.82840237E-01  1.94495097E+00  3.92794011E-01  5.22376073E-01  1.83669451E+00  8.99660918E-01  3.28145628E-01  1.46136399E+00  1.35640367E+00  3.66111737E-01  1.01544200E+00  1.61319476E+00  6.02541508E-01  6.53768185E-01  1.59753256E+00  9.57655252E-01  4.63718043E-01  1.35377515E+00  1.30640873E+00  4.76275105E-01  1.00958331E+00  1.51379358E+00  6.71531986E-01  6.98920323E-01  1.50499921E+00  9.81232713E-01  5.23409688E-01  1.30295727E+00  1.28553516E+00  5.30770507E-01  9.99565149E-01  1.46638142E+00  7.11736577E-01  7.18727805E-01  1.45523208E+00  9.97121694E-01  5.56525378E-01  1.27160818E+00  1.27253743E+00  5.64097368E-01  9.94116348E-01  1.44175915E+00  7.27898672E-01  7.29559656E-01  1.43887964E+00  9.94400394E-01  5.69291273E-01  1.26725820E+00
  0.00000000E+00  2.19968920E-03  9.84393047E-01  1.94226415E+00  3.94129693E-01  5.25371853E-01  1.83399483E+00  8.97424292E-01  3.32281969E-01  1.46102162E+00  1.35101723E+00  3.70594125E-01  1.01896475E+00  1.60505530E+00  6.05662468E-01  6.59493164E-01  1.58891350E+00  9.58910827E-01  4.70124700E-01  1.34936111E+00  1.30300946E+00  4.80872655E-01  1.01148389E+00  1.50679080E+00  6.74582866E-01  7.04203971E-01  1.50059151E+00  9.78080015E-01  5.29677578E-01  1.30105462E+00  1.28057430E+00  5.34338061E-01  1.00296659E+00  1.46276376E+00  7.09967234E-01  7.21336871E-01  1.45934464E+00  9.88875002E-01  5.57920614E-01  1.27728397E+00  1.26878439E+00  5.61152821E-01  9.98301046E-01  1.44131621E+00  7.26008233E-01  7.30992528E-01  1.43935473E+00  9.94237812E-01  5.68922564E-01  1.26736628E+00
  0.00000000E+00  2.15309920E-03  9.80695644E-01  1.94887206E+00  3.92047815E-01  5.17738600E-01  1.84277709E+00  8.98918409E-01  3.24250965E-01  1.45990786E+00  1.36496386E+00  3.60694753E-01  1.00772325E+00  1.62832989E+00  5.98763014E-01  6.40648347E-01  1.60961282E+00  9.63836632E-01  4.46452090E-01  1.35893702E+00  1.32206217E+00  4.60580540E-01  1.00327344E+00  1.53501541E+00  6.61735223E-01  6.84407048E-01  1.52852576E+00  9.76007912E-01  5.07847508E-01  1.31757071E+00  1.29046127E+00  5.13015416E-01  1.00273433E+00  1.48614782E+00  6.94177671E-01  7.07752570E-01  1.48375751E+00  9.86973813E-01  5.35044219E-01  1.29228952E+00  1.28377749E+00  5.37641698E-01  9.95068637E-01  1.47065373E+00  7.09838328E-01  7.10258270E-01  1.47037981E+00  9.93604055E-01  5.39978498E-01  1.28542974E+00
  0.00000000E+00  2.14935516E-03  9.83716948E-01  1.94215565E+00  3.95378836E-01  5.24500761E-01  1.83324545E+00  8.98592758E-01  3.34840658E-01  1.45555207E+00  1.35314593E+00  3.74512037E-01  1.01572328E+00  1.60222394E+00  6.11205241E-01  6.60450513E-01  1.58150680E+00  9.63300976E-01  4.73951405E-01  1.34319623E+00  1.30219468E+00  4.87514683E-01  1.00963993E+00  1.49984292E+00  6.80645784E-01  7.09253902E-01  1.49032986E+00  9.78518700E-01  5.39964600E-01  1.29691389E+00  1.26971298E+00  5.47165575E-01  1.00699577E+00  1.44507738E+00  7.16731911E-01  7.36742774E-01  1.44008061E+00  9.86195618E-01  5.78558416E-01  1.26767285E+00  1.25376513E+00  5.80362219E-01  1.00256981E+00  1.41742603E+00  7.38676356E-01  7.44064468E-01  1.41893158E+00  9.94955341E-01  5.88253257E-01  1.25522748E+00
  0.00000000E+00  2.16211831E-03  9.80399583E-01  1.94832345E+00  3.92968322E-01  5.18854217E-01  1.84102637E+00  8.99292148E-01  3.25370293E-01  1.45979833E+00  1.36294729E+00  3.62668564E-01  1.01144357E+00  1.62047310E+00  6.00285982E-01  6.47544035E-01  1.60480412E+00  9.58590919E-01  4.54549651E-01  1.35978381E+00  1.31311696E+00  4.64453087E-01  1.01197911E+00  1.52382198E+00  6.62256910E-01  6.93854979E-01  1.52153076E+00  9.72586472E-01  5.14678386E-01  1.31589606E+00  1.28555109E+00  5.17606871E-01  1.00626164E+00  1.47791837E+00  6.95818175E-01  7.15366700E-01  1.47754485E+00  9.83781066E-01  5.41653719E-01  1.29202598E+00  1.27750027E+00  5.41647377E-01  9.98339526E-01  1.46420398E+00  7.10851803E-01  7.18932352E-01  1.46087924E+00  9.93545154E-01  5.47704792E-01  1.28073981E+00
  0.00000000E+00  2.17095924E-03  9.81578387E-01  1.94619182E+00  3.94033101E-01  5.21106628E-01  1.83665458E+00  9.01530486E-01  3.26655239E-01  1.45596184E+00  1.36523918E+00  3.63394733E-01  1.00859929E+00  1.62339443E+00  6.01579542E-01  6.42442013E-01  1.60586424E+00  9.63887089E-01  4.50448785E-01  1.35615436E+00  1.31954719E+00  4.63528044E-01  1.00418816E+00  1.53324443E+00  6.61861293E-01  6.86286669E-01  1.52719173E+00  9.76130961E-01  5.07583797E-01  1.31635955E+00  1.29268198E+00  5.11466641E-01  1.00249124E+00  1.48789800E+00  6.91871039E-01  7.06986521E-01  1.48780002E+00  9.86566416E-01  5.29383231E-01  1.29729439E+00  1.28728875E+00  5.30770914E-01  9.95566338E-01  1.47671049E+00  7.05634632E-01  7.06551338E-01  1.47686618E+00  9.93353268E-01  5.34249615E-01  1.28909382E+00
  0.00000000E+00  2.07806918E-03  9.82755108E-01  1.94471291E+00  3.94008193E-01  5.23715280E-01  1.83450717E+00  8.98398665E-01  3.32944135E-01  1.45712810E+00  1.35462441E+00  3.70447129E-01  1.01637615E+00  1.60730760E+00  6.06851702E-01  6.54552838E-01  1.59353753E+00  9.59043504E-01  4.66857723E-01  1.35160503E+00  1.30373136E+00  4.81115003E-01  1.00929540E+00  1.50838726E+00  6.74638046E-01  7.03504863E-01  1.50018369E+00  9.78056620E-01  5.30739976E-01  1.30189703E+00  1.27677674E+00  5.37115209E-01  1.00540784E+00  1.45606186E+00  7.13070092E-01  7.25930367E-01  1.45322966E+00  9.89354297E-01  5.62628934E-01  1.27439736E+00  1.26612443E+00  5.65196944E-01  1.00006952E+00  1.43586686E+00  7.28413136E-01  7.34006896E-01  1.43387457E+00  9.94288466E-01  5.75227781E-01  1.26329189E+00
  0.00000000E+00  2.14973104E-03  9.83697100E-01  1.94295448E+00  3.94829018E-01  5.23414618E-01  1.83376299E+00  9.00666358E-01  3.30801767E-01  1.45515567E+00  1.36036337E+00  3.67223666E-01  1.01190870E+00  1.61598702E+00  6.03400615E-01  6.48827299E-01  1.60009731E+00  9.61229264E-01  4.58401063E-01  1.35454239E+00  1.31329391E+00  4.69642654E-01  1.00545444E+00  1.52454483E+00  6.66677468E-01  6.93587708E-01  1.51500076E+00  9.78515084E-01  5.16443319E-01  1.31055604E+00  1.28677106E+00  5.22536859E-01  1.00258463E+00  1.47385957E+00  7.02324911E-01  7.14891836E-01  1.47107411E+00  9.88682283E-01  5.46248909E-01  1.28381260E+00  1.27875496E+00  5.46649809E-01  9.97884515E-01  1.45682436E+00  7.16403930E-01  7.21431821E-01  1.45505449E+00  9.92938141E-01  5.56034721E-01  1.27544119E+00
  0.00000000E+00  2.17925311E-03  9.83530824E-01  1.94408168E+00  3.93926775E-01  5.22048841E-01  1.83627928E+00  8.99550145E-01  3.29502378E-01  1.45803133E+00  1.35805479E+00  3.68880462E-01  1.01218676E+00  1.61255763E+00  6.06411995E-01  6.51381800E-01  1.59435175E+00  9.62872042E-01  4.61832106E-01  1.35149307E+00  1.31047941E+00  4.73445605E-01  1.00738602E+00  1.51894868E+00  6.68983036E-01  6.96489390E-01  1.51363791E+00  9.75786652E-01  5.18689358E-01  1.31048376E+00  1.28488885E+00  5.23156207E-01  1.00375639E+00  1.47523183E+00  6.98703921E-01  7.15574231E-01  1.47626535E+00  9.82874299E-01  5.45882372E-01  1.28968021E+00  1.27370365E+00  5.46533763E-01  1.00034603E+00  1.45620546E+00  7.15374968E-01  7.21999803E-01  1.45557876E+00  9.92114950E-01  5.56731254E-01  1.27524830E+00
  0.00000000E+00  2.16936627E-03  9.82716749E-01  1.94497590E+00  3.94169630E-01  5.21179821E-01  1.83625942E+00  9.01102229E-01  3.29215294E-01  1.45604358E+00  1.36108852E+00  3.66119800E-01  1.01173823E+00  1.61588364E+00  6.03670945E-01  6.51402761E-01  1.59734003E+00  9.60304587E-01  4.60441155E-01  1.35563772E+00  1.30909027E+00  4.70977022E-01  1.01108588E+00  1.51687373E+00  6.66995396E-01  6.99420702E-01  1.51326480E+00  9.72508011E-01  5.21545217E-01  1.31339174E+00  1.27896493E+00  5.23126377E-01  1.01282995E+00  1.46677940E+00  6.98262261E-01  7.20567472E-01  1.47328660E+00  9.81203112E-01  5.48268044E-01  1.29355883E+00  1.26730326E+00  5.48296164E-01  1.00590042E+00  1.44890164E+00  7.16392110E-01  7.27974329E-01  1.44893025E+00  9.93126041E-01  5.60702414E-01  1.27234758E+00
  0.00000000E+00  2.08988563E-03  9.82799999E-01  1.94407437E+00  3.95173487E-01  5.22827152E-01  1.83302592E+00  9.02615244E-01  3.30459968E-01  1.45445275E+00  1.36005230E+00  3.68774538E-01  1.01089462E+00  1.61357572E+00  6.06536266E-01  6.51736607E-01  1.59387679E+00  9.63554060E-01  4.61398568E-01  1.35087763E+00  1.31071083E+00  4.75785085E-01  1.00645383E+00  1.51556980E+00  6.71995705E-01  6.99489781E-01  1.50592882E+00  9.77962169E-01  5.25857706E-01  1.30448229E+00  1.28024828E+00  5.32238686E-01  1.00575583E+00  1.46152290E+00  7.07587993E-01  7.24021110E-01  1.45971529E+00  9.84975661E-01  5.60683176E-01  1.28123412E+00  1.26057508E+00  5.64375877E-01  1.00510924E+00  1.43007416E+00  7.29956632E-01  7.40176085E-01  1.42704217E+00  9.95703429E-01  5.78007687E-01  1.26129805E+00
  0.00000000E+00  2.07703765E-03  9.82109853E-01  1.94591058E+00  3.93733925E-01  5.20979852E-01  1.83530345E+00  9.03385823E-01  3.26652534E-01  1.45659820E+00  1.36399728E+00  3.63947048E-01  1.00827880E+00  1.62381034E+00  6.01173439E-01  6.42048287E-01  1.60777369E+00  9.64005958E-01  4.47877793E-01  1.35654160E+00  1.32389091E+00  4.59688385E-01  1.00108730E+00  1.53980967E+00  6.59546203E-01  6.80744466E-01  1.53175679E+00  9.79737134E-01  4.99043495E-01  1.31879026E+00  1.30093976E+00  5.04255730E-01  9.98016927E-01  1.50186491E+00  6.85453000E-01  6.98545799E-01  1.49866736E+00  9.84923390E-01  5.24636346E-01  1.29762599E+00  1.29283109E+00  5.25621878E-01  9.93618137E-01  1.48551745E+00  6.99598416E-01  7.04634868E-01  1.48275590E+00  9.91557865E-01  5.29690071E-01  1.29227836E+00
  0.00000000E+00  2.15262275E-03  9.82207406E-01  1.94515264E+00  3.93857372E-01  5.22149960E-01  1.83696681E+00  8.99009667E-01  3.29572564E-01  1.45841239E+00  1.35833522E+00  3.67027231E-01  1.01273125E+00  1.61505029E+00  6.04088278E-01  6.50243176E-01  1.59804205E+00  9.61020925E-01  4.60722436E-01  1.35309619E+00  1.31009422E+00  4.73133547E-01  1.00904471E+00  1.51721647E+00  6.68763530E-01  6.97489525E-01  1.51111272E+00  9.77153879E-01  5.20401011E-01  1.30990059E+00  1.28158308E+00  5.27849543E-01  1.00531198E+00  1.46721012E+00  7.04500088E-01  7.21746204E-01  1.46079200E+00  9.89676095E-01  5.55492256E-01  1.27832978E+00  1.27116274E+00  5.57812553E-01  9.97231482E-01  1.44667417E+00  7.23321808E-01  7.27172449E-01  1.44506914E+00  9.94471332E-01  5.62890519E-01  1.27088733E+00
  0.00000000E+00  2.07758230E-03  9.81867609E-01  1.94521239E+00  3.94809984E-01  5.25240930E-01  1.83201173E+00  8.98449172E-01  3.34830646E-01  1.45620458E+00  1.35405921E+00  3.71938517E-01  1.01480508E+00  1.60688526E+00  6.07056882E-01  6.56731182E-01  1.59118930E+00  9.59361459E-01  4.66346987E-01  1.35544570E+00  1.29917765E+00  4.79200169E-01  1.01939557E+00  1.50234115E+00  6.67827874E-01  7.15032221E-01  1.50080838E+00  9.63452553E-01  5.43162828E-01  1.30438528E+00  1.26152102E+00  5.45630328E-01  1.01365398E+00  1.44336552E+00  7.13006295E-01  7.40914368E-01  1.44272839E+00  9.78529593E-01  5.81148423E-01  1.27502650E+00  1.24366067E+00  5.82587241E-01  1.00742748E+00  1.41541337E+00  7.36136271E-01  7.48283423E-01  1.41547580E+00  9.93666912E-01  5.94040553E-01  1.25180934E+00
  0.00000000E+00  2.07758230E-03  9.81867609E-01  1.94521239E+00  3.94809984E-01  5.25240930E-01  1.83201173E+00  8.98449172E-01  3.34830646E-01  1.45620458E+00  1.35405921E+00  3.71938517E-01  1.01480508E+00  1.60688526E+00  6.07056882E-01  6.56731182E-01  1.59118930E+00  9.59361459E-01  4.66346987E-01  1.35544570E+00  1.29917765E+00  4.79200169E-01  1.01939557E+00  1.50234115E+00  6.67827874E-01  7.15032221E-01  1.50080838E+00  9.63452553E-01  5.43162828E-01  1.30438528E+00  1.26152102E+00  5.45630328E-01  1.01365398E+00  1.44336552E+00  7.13006295E-01  7.40914368E-01  1.44272839E+00  9.78529593E-01  5.81148423E-01  1.27502650E+00  1.24366067E+00  5.82587241E-01  1.00742748E+00  1.41541337E+00  7.36136271E-01  7.48283423E-01  1.41547580E+00  9.93666912E-01  5.94040553E-01  1.25180934E+00
  0.00000000E+00  2.11377577E-03  9.82628461E-01  1.94537479E+00  3.93730115E-01  5.21798598E-01  1.83688475E+00  8.98903338E-01  3.29019401E-01  1.45875714E+00  1.35906020E+00  3.66304265E-01  1.01252781E+00  1.61603709E+00  6.03711790E-01  6.49121719E-01  1.59972014E+00  9.61344489E-01  4.58317191E-01  1.35447164E+00  1.31175936E+00  4.70591296E-01  1.00857187E+00  1.51993837E+00  6.67045397E-01  6.97114001E-01  1.51323321E+00  9.75975147E-01  5.18517951E-01  1.31432593E+00  1.27958434E+00  5.24263420E-01  1.01073312E+00  1.46660768E+00  6.99501017E-01  7.23908693E-01  1.46753081E+00  9.80106332E-01  5.56716397E-01  1.28612565E+00  1.26398855E+00  5.57877707E-01  1.00454925E+00  1.43867513E+00  7.23771387E-01  7.35998974E-01  1.43481057E+00  9.93622883E-01  5.72605143E-01  1.26545704E+00
  0.00000000E+00  2.14857585E-03  9.82033311E-01  1.94553682E+00  3.94102387E-01  5.21963220E-01  1.83509007E+00  9.01940484E-01  3.27840164E-01  1.45763439E+00  1.36112975E+00  3.65285557E-01  1.01245854E+00  1.61623264E+00  6.04006700E-01  6.49624857E-01  1.59773730E+00  9.61542986E-01  4.61293590E-01  1.35099113E+00  1.31257035E+00  4.74198984E-01  1.00358122E+00  1.51994209E+00  6.71717759E-01  6.94432853E-01  1.50981306E+00  9.80737274E-01  5.21162733E-01  1.30272030E+00  1.28774818E+00  5.28176087E-01  9.98862317E-01  1.47250391E+00  7.06225169E-01  7.12810004E-01  1.46954375E+00  9.90844817E-01  5.45425509E-01  1.28458261E+00  1.27778879E+00  5.49772761E-01  9.94307155E-01  1.45833163E+00  7.16927471E-01  7.20725782E-01  1.45515252E+00  9.91903099E-01  5.57957876E-01  1.27427480E+00
  0.00000000E+00  2.25287441E-03  9.83032597E-01  1.94418630E+00  3.93960780E-01  5.23766896E-01  1.83315490E+00  9.00736699E-01  3.31422311E-01  1.45691151E+00  1.35734791E+00  3.69825381E-01  1.01543338E+00  1.60812031E+00  6.05186191E-01  6.54021530E-01  1.59747353E+00  9.55007263E-01  4.65617106E-01  1.35716369E+00  1.30239278E+00  4.75819669E-01  1.01263529E+00  1.51190561E+00  6.66914038E-01  7.07347662E-01  1.50711500E+00  9.67959352E-01  5.30733868E-01  1.31091298E+00  1.27288303E+00  5.30609228E-01  1.01163208E+00  1.46183852E+00  6.99859295E-01  7.29028609E-01  1.46539897E+00  9.78168132E-01  5.56766748E-01  1.28977713E+00  1.26081025E+00  5.56332632E-01  1.00706896E+00  1.44114336E+00  7.18172686E-01  7.35201517E-01  1.44027470E+00  9.94683630E-01  5.65192653E-01  1.27013381E+00
  0.00000000E+00  2.05245502E-03  9.80671522E-01  1.94819537E+00  3.93004427E-01  5.19661297E-01  1.83994076E+00  8.97857255E-01  3.29593064E-01  1.45641369E+00  1.36138475E+00  3.65431411E-01  1.01165042E+00  1.61858441E+00  6.02386968E-01  6.51281063E-01  1.59703959E+00  9.60734272E-01  4.61813838E-01  1.35193056E+00  1.30881483E+00  4.78128710E-01  1.00785485E+00  1.51129961E+00  6.73417986E-01  7.04312105E-01  1.49912270E+00  9.76837235E-01  5.34782131E-01  1.29878061E+00  1.27478891E+00  5.43496108E-01  1.00168393E+00  1.45321504E+00  7.18502469E-01  7.24595020E-01  1.44698584E+00  9.94173760E-01  5.66539103E-01  1.26710469E+00  1.26643205E+00  5.73938531E-01  9.92888384E-01  1.43168581E+00  7.36412308E-01  7.33370946E-01  1.42931372E+00  9.95350855E-01  5.79839197E-01  1.26003875E+00
  0.00000000E+00  2.21040385E-03  9.84435095E-01  1.94286940E+00  3.93726806E-01  5.22982932E-01  1.83574415E+00  8.99199239E-01  3.30784215E-01  1.45843646E+00  1.35665319E+00  3.68081116E-01  1.01477578E+00  1.61278908E+00  6.03112067E-01  6.54200933E-01  1.59478571E+00  9.58859553E-01  4.65186533E-01  1.35409557E+00  1.30151816E+00  4.79912203E-01  1.01392861E+00  1.50369077E+00  6.75783256E-01  7.07311635E-01  1.49558710E+00  9.79447609E-01  5.35286911E-01  1.29533894E+00  1.27758648E+00  5.42252661E-01  1.00240851E+00  1.45227330E+00  7.16954904E-01  7.28191999E-01  1.44840762E+00  9.89162734E-01  5.67669600E-01  1.27056586E+00  1.26393956E+00  5.69542576E-01  9.99106268E-01  1.43127835E+00  7.32580345E-01  7.37767719E-01  1.42765305E+00  9.94782292E-01  5.80178904E-01  1.26029717E+00
  0.00000000E+00  2.18160469E-03  9.83415180E-01  1.94328724E+00  3.94812946E-01  5.23291889E-01  1.83459301E+00  9.00523149E-01  3.29637915E-01  1.45649014E+00  1.35849971E+00  3.68905179E-01  1.01280150E+00  1.61313964E+00  6.05386057E-01  6.51226382E-01  1.59519921E+00  9.62993476E-01  4.61361713E-01  1.35160515E+00  1.31135002E+00  4.73458758E-01  1.00576078E+00  1.51912052E+00  6.69630837E-01  6.97371073E-01  1.51045528E+00  9.76695244E-01  5.21519073E-01  1.30871001E+00  1.28230728E+00  5.26737929E-01  1.00411466E+00  1.47140319E+00  7.02168010E-01  7.16719870E-01  1.47188154E+00  9.85205907E-01  5.47647309E-01  1.28773051E+00  1.27221091E+00  5.50295536E-01  1.00047282E+00  1.45212423E+00  7.17454905E-01  7.25233377E-01  1.45040450E+00  9.92367840E-01  5.59976516E-01  1.27345380E+00
  0.00000000E+00  2.13284942E-03  9.86176773E-01  1.93867972E+00  3.96135684E-01  5.27886685E-01  1.82801976E+00  9.00321521E-01  3.37294189E-01  1.45239897E+00  1.35447311E+00  3.72668871E-01  1.01741886E+00  1.60403921E+00  6.06961217E-01  6.58345701E-01  1.59122234E+00  9.56388229E-01  4.69562836E-01  1.35505117E+00  1.29677856E+00  4.83357340E-01  1.01590596E+00  1.50041221E+00  6.74548744E-01  7.09078547E-01  1.50058818E+00  9.68897349E-01  5.37236071E-01  1.30761488E+00  1.26439446E+00  5.42074112E-01  1.01326490E+00  1.44608697E+00  7.11474018E-01  7.37928906E-01  1.44727695E+00  9.79657570E-01  5.76550161E-01  1.27372534E+00  1.25188179E+00  5.78005858E-01  1.00223340E+00  1.42227298E+00  7.35081155E-01  7.45097591E-01  1.41858515E+00  9.93902388E-01  5.90613673E-01  1.25363042E+00
  0.00000000E+00  2.16781044E-03  9.83159555E-01  1.94340982E+00  3.95226284E-01  5.22529489E-01  1.83531275E+00  8.98734597E-01  3.31946515E-01  1.45848038E+00  1.35420799E+00  3.70626230E-01  1.01506879E+00  1.60875366E+00  6.05871718E-01  6.55428022E-01  1.59419719E+00  9.56845247E-01  4.66538004E-01  1.35713806E+00  1.29809761E+00  4.79553880E-01  1.01658030E+00  1.50333931E+00  6.72141970E-01  7.09299448E-01  1.50059288E+00  9.70627030E-01  5.34693087E-01  1.30911454E+00  1.26618386E+00  5.37863255E-01  1.01569342E+00  1.44930145E+00  7.06105463E-01  7.40027606E-01  1.44968452E+00  9.75586080E-01  5.77071978E-01  1.27713390E+00  1.24788938E+00  5.77279858E-01  1.00685078E+00  1.41982377E+00  7.33845915E-01  7.45003624E-01  1.42162633E+00  9.93042211E-01  5.87296874E-01  1.25634090E+00
