# PIMCID: da03fbc4-8ec4-4b18-8380-d712af500267
#              K               V               E            E_mu             K/N             V/N             E/N               N             N^2         density
  9.25854732E+02 -2.74546590E+03 -1.81961117E+03 -1.60361117E+03  3.08618244E+01 -9.15155300E+01 -6.06537055E+01  3.00000000E+01  9.00000000E+02  3.11813766E-02
  9.26211286E+02 -2.74511858E+03 -1.81890730E+03 -1.60290730E+03  3.08737095E+01 -9.15039528E+01 -6.06302433E+01  3.00000000E+01  9.00000000E+02  3.11813766E-02
  9.26600782E+02 -2.74497848E+03 -1.81837770E+03 -1.60237770E+03  3.08866927E+01 -9.14992828E+01 -6.06125901E+01  3.00000000E+01  9.00000000E+02  3.11813766E-02
  9.23249393E+02 -2.74500793E+03 -1.82175854E+03 -1.60575854E+03  3.07749798E+01 -9.15002643E+01 -6.07252845E+01  3.00000000E+01  9.00000000E+02  3.11813766E-02
  9.24899720E+02 -2.74528652E+03 -1.82038680E+03 -1.60438680E+03  3.08299907E+01 -9.15095507E+01 -6.06795600E+01  3.00000000E+01  9.00000000E+02  3.11813766E-02
  9.25385026E+02 -2.74542461E+03 -1.82003959E+03 -1.60403959E+03  3.08461675E+01 -9.15141538E+01 -6.06679862E+01  3.00000000E+01  9.00000000E+02  3.11813766E-02
  9.26449972E+02 -2.74551578E+03 -1.81906580E+03 -1.60306580E+03  3.08816657E+01 -9.15171925E+01 -6.06355268E+01  3.00000000E+01  9.00000000E+02  3.11813766E-02
  9.26539530E+02 -2.74537259E+03 -1.81883306E+03 -1.60283306E+03  3.08846510E+01 -9.15124196E+01 -6.06277685E+01  3.00000000E+01  9.00000000E+02  3.11813766E-02
  9.26518709E+02 -2.74557817E+03 -1.81905946E+03 -1.60305946E+03  3.08839570E+01 -9.15192722E+01 -6.06353152E+01  3.00000000E+01  9.00000000E+02  3.11813766E-02
  9.26507235E+02 -2.74548201E+03 -1.81897478E+03 -1.60297478E+03  3.08835745E+01 -9.15160670E+01 -6.06324925E+01  3.00000000E+01  9.00000000E+02  3.11813766E-02
  9.26093198E+02 -2.74551246E+03 -1.81941926E+03 -1.60341926E+03  3.08697733E+01 -9.15170819E+01 -6.06473086E+01  3.00000000E+01  9.00000000E+02  3.11813766E-02
  9.26894799E+02 -2.74518144E+03 -1.81828664E+03 -1.60228664E+03  3.08964933E+01 -9.15060481E+01 -6.06095548E+01  3.00000000E+01  9.00000000E+02  3.11813766E-02
  9.25897141E+02 -2.74544663E+03 -1.81954949E+03 -1.60354949E+03  3.08632380E+01 -9.15148876E+01 -6.06516495E+01  3.00000000E+01  9.00000000E+02  3.11813766E-02
  9.25946096E+02 -2.74536288E+03 -1.81941678E+03 -1.60341678E+03  3.08648699E+01 -9.15120959E+01 -6.06472260E+01  3.00000000E+01  9.00000000E+02  3.11813766E-02
  9.25893656E+02 -2.74517899E+03 -1.81928533E+03 -1.60328533E+03  3.08631219E+01 -9.15059662E+01 -6.06428443E+01  3.00000000E+01  9.00000000E+02  3.11813766E-02
  9.25194453E+02 -2.74539944E+03 -1.82020499E+03 -1.60420499E+03  3.08398151E+01 -9.15133147E+01 -6.06734996E+01  3.00000000E+01  9.00000000E+02  3.11813766E-02
  9.26339297E+02 -2.74563386E+03 -1.81929456E+03 -1.60329456E+03  3.08779766E+01 -9.15211287E+01 -6.06431521E+01  3.00000000E+01  9.00000000E+02  3.11813766E-02
  9.24095126E+02 -2.74529929E+03 -1.82120417E+03 -1.60520417E+03  3.08031709E+01 -9.15099764E+01 -6.07068055E+01  3.00000000E+01  9.00000000E+02  3.11813766E-02
  9.27128602E+02 -2.74547571E+03 -1.81834711E+03 -1.60234711E+03  3.09042867E+01 -9.15158569E+01 -6.06115702E+01  3.00000000E+01  9.00000000E+02  3.11813766E-02
  9.24388871E+02 -2.74540345E+03 -1.82101457E+03 -1.60501457E+03  3.08129624E+01 -9.15134482E+01 -6.07004858E+01  3.00000000E+01  9.00000000E+02  3.11813766E-02
  9.26845610E+02 -2.74568349E+03 -1.81883788E+03 -1.60283788E+03  3.08948537E+01 -9.15227831E+01 -6.06279294E+01  3.00000000E+01  9.00000000E+02  3.11813766E-02
  9.25593298E+02 -2.74580637E+03 -1.82021308E+03 -1.60421308E+03  3.08531099E+01 -9.15268791E+01 -6.06737692E+01  3.00000000E+01  9.00000000E+02  3.11813766E-02
  9.25824125E+02 -2.74532878E+03 -1.81950465E+03 -1.60350465E+03  3.08608042E+01 -9.15109593E+01 -6.06501551E+01  3.00000000E+01  9.00000000E+02  3.11813766E-02
  9.26987966E+02 -2.74532070E+03 -1.81833273E+03 -1.60233273E+03  3.08995989E+01 -9.15106900E+01 -6.06110911E+01  3.00000000E+01  9.00000000E+02  3.11813766E-02
  9.27362101E+02 -2.74508587E+03 -1.81772377E+03 -1.60172377E+03  3.09120700E+01 -9.15028623E+01 -6.05907923E+01  3.00000000E+01  9.00000000E+02  3.11813766E-02
  9.25888625E+02 -2.74536333E+03 -1.81947471E+03 -1.60347471E+03  3.08629542E+01 -9.15121112E+01 -6.06491570E+01  3.00000000E+01  9.00000000E+02  3.11813766E-02
  9.25690035E+02 -2.74530679E+03 -1.81961675E+03 -1.60361675E+03  3.08563345E+01 -9.15102262E+01 -6.06538917E+01  3.00000000E+01  9.00000000E+02  3.11813766E-02
  9.25796439E+02 -2.74533892E+03 -1.81954248E+03 -1.60354248E+03  3.08598813E+01 -9.15112973E+01 -6.06514160E+01  3.00000000E+01  9.00000000E+02  3.11813766E-02
  9.26206604E+02 -2.74523703E+03 -1.81903042E+03 -1.60303042E+03  3.08735535E+01 -9.15079009E+01 -6.06343474E+01  3.00000000E+01  9.00000000E+02  3.11813766E-02
  9.25182183E+02 -2.74562116E+03 -1.82043898E+03 -1.60443898E+03  3.08394061E+01 -9.15207055E+01 -6.06812994E+01  3.00000000E+01  9.00000000E+02  3.11813766E-02
  9.25718825E+02 -2.74514420E+03 -1.81942538E+03 -1.60342538E+03  3.08572942E+01 -9.15048068E+01 -6.06475126E+01  3.00000000E+01  9.00000000E+02  3.11813766E-02
  9.24293815E+02 -2.74547927E+03 -1.82118545E+03 -1.60518545E+03  3.08097938E+01 -9.15159755E+01 -6.07061817E+01  3.00000000E+01  9.00000000E+02  3.11813766E-02
  9.25166318E+02 -2.74528364E+03 -1.82011733E+03 -1.60411733E+03  3.08388773E+01 -9.15094548E+01 -6.06705775E+01  3.00000000E+01  9.00000000E+02  3.11813766E-02
  9.26406506E+02 -2.74515286E+03 -1.81874636E+03 -1.60274636E+03  3.08802169E+01 -9.15050954E+01 -6.06248785E+01  3.00000000E+01  9.00000000E+02  3.11813766E-02
  9.26725539E+02 -2.74540776E+03 -1.81868222E+03 -1.60268222E+03  3.08908513E+01 -9.15135920E+01 -6.06227407E+01  3.00000000E+01  9.00000000E+02  3.11813766E-02
  9.24584707E+02 -2.74525580E+03 -1.82067109E+03 -1.60467109E+03  3.08194902E+01 -9.15085266E+01 -6.06890363E+01  3.00000000E+01  9.00000000E+02  3.11813766E-02
  9.24745599E+02 -2.74538821E+03 -1.82064261E+03 -1.60464261E+03  3.08248533E+01 -9.15129404E+01 -6.06880871E+01  3.00000000E+01  9.00000000E+02  3.11813766E-02
  9.26595856E+02 -2.74551798E+03 -1.81892212E+03 -1.60292212E+03  3.08865285E+01 -9.15172660E+01 -6.06307375E+01  3.00000000E+01  9.00000000E+02  3.11813766E-02
  9.25726942E+02 -2.74528410E+03 -1.81955716E+03 -1.60355716E+03  3.08575647E+01 -9.15094701E+01 -6.06519054E+01  3.00000000E+01  9.00000000E+02  3.11813766E-02
  9.26841290E+02 -2.74577853E+03 -1.81893724E+03 -1.60293724E+03  3.08947097E+01 -9.15259510E+01 -6.06312413E+01  3.00000000E+01  9.00000000E+02  3.11813766E-02
  9.28007394E+02 -2.74468876E+03 -1.81668137E+03 -1.60068137E+03  3.09335798E+01 -9.14896255E+01 -6.05560457E+01  3.00000000E+01  9.00000000E+02  3.11813766E-02
  9.25607236E+02 -2.74537701E+03 -1.81976977E+03 -1.60376977E+03  3.08535745E+01 -9.15125670E+01 -6.06589925E+01  3.00000000E+01  9.00000000E+02  3.11813766E-02
  9.26471008E+02 -2.74550665E+03 -1.81903564E+03 -1.60303564E+03  3.08823669E+01 -9.15168883E+01 -6.06345214E+01  3.00000000E+01  9.00000000E+02  3.11813766E-02
  9.26471008E+02 -2.74550665E+03 -1.81903564E+03 -1.60303564E+03  3.08823669E+01 -9.15168883E+01 -6.06345214E+01  3.00000000E+01  9.00000000E+02  3.11813766E-02
  9.24701993E+02 -2.74532087E+03 -1.82061888E+03 -1.60461888E+03  3.08233998E+01 -9.15106957E+01 -6.06872959E+01  3.00000000E+01  9.00000000E+02  3.11813766E-02
  9.25592245E+02 -2.74542890E+03 -1.81983665E+03 -1.60383665E+03  3.08530748E+01 -9.15142966E+01 -6.06612218E+01  3.00000000E+01  9.00000000E+02  3.11813766E-02
  9.26692884E+02 -2.74528517E+03 -1.81859229E+03 -1.60259229E+03  3.08897628E+01 -9.15095058E+01 -6.06197430E+01  3.00000000E+01  9.00000000E+02  3.11813766E-02
  9.25322210E+02 -2.74555525E+03 -1.82023304E+03 -1.60423304E+03  3.08440737E+01 -9.15185085E+01 -6.06744348E+01  3.00000000E+01  9.00000000E+02  3.11813766E-02
