#                   T = 0.50                                        T = 1.00                                        T = 1.50                                        T = 2.00                    
#          r [Å]          V1d(r)         ΔV1d(r)           r [Å]          V1d(r)         ΔV1d(r)           r [Å]          V1d(r)         ΔV1d(r)           r [Å]          V1d(r)         ΔV1d(r)
  0.00000000E+00 -8.58940787E+01  1.56487572E-01  0.00000000E+00 -8.08837695E+01  2.83511235E-01  0.00000000E+00 -7.67328975E+01  3.56609967E-01  0.00000000E+00 -7.42530596E+01  3.67187435E-01
  5.00000000E-01 -8.56972200E+01  1.74160739E-01  5.00000000E-01 -8.02323933E+01  3.05145543E-01  5.00000000E-01 -7.69585241E+01  3.71715059E-01  5.00000000E-01 -7.34947114E+01  4.34546288E-01
  1.00000000E+00 -8.57611074E+01  1.59959024E-01  1.00000000E+00 -8.02502892E+01  3.54784130E-01  1.00000000E+00 -7.68291732E+01  4.17647089E-01  1.00000000E+00 -7.29167957E+01  4.61268158E-01
  1.50000000E+00 -8.59077311E+01  1.63910955E-01  1.50000000E+00 -8.02990595E+01  3.95350893E-01  1.50000000E+00 -7.68612369E+01  3.37089689E-01  1.50000000E+00 -7.30012664E+01  3.81597414E-01
  2.00000000E+00 -8.60069375E+01  1.38984709E-01  2.00000000E+00 -8.05393224E+01  2.84867440E-01  2.00000000E+00 -7.64942493E+01  3.68230083E-01  2.00000000E+00 -7.36373990E+01  4.43780796E-01
  2.50000000E+00 -8.59311514E+01  1.54201954E-01  2.50000000E+00 -8.09191910E+01  3.46213723E-01  2.50000000E+00 -7.62466858E+01  4.16865345E-01  2.50000000E+00 -7.44924348E+01  5.10040122E-01
  3.00000000E+00 -8.58812339E+01  1.52678719E-01  3.00000000E+00 -8.10292564E+01  3.39349351E-01  3.00000000E+00 -7.64570816E+01  3.70611139E-01  3.00000000E+00 -7.44892018E+01  4.19790218E-01
  3.50000000E+00 -8.58364599E+01  1.65715487E-01  3.50000000E+00 -8.06851952E+01  2.91450160E-01  3.50000000E+00 -7.68588686E+01  3.37487892E-01  3.50000000E+00 -7.40598977E+01  3.89491025E-01
  4.00000000E+00 -8.57356172E+01  1.71593098E-01  4.00000000E+00 -8.00491324E+01  2.93605311E-01  4.00000000E+00 -7.69271687E+01  4.14629051E-01  4.00000000E+00 -7.31368406E+01  4.62547358E-01
  4.50000000E+00 -8.57844167E+01  1.61586676E-01  4.50000000E+00 -8.03021136E+01  3.82439663E-01  4.50000000E+00 -7.67915099E+01  4.01942765E-01  4.50000000E+00 -7.29132785E+01  4.39480054E-01
  5.00000000E+00 -8.59405405E+01  1.43780455E-01  5.00000000E+00 -8.03313742E+01  3.64018541E-01  5.00000000E+00 -7.67828432E+01  3.21816129E-01  5.00000000E+00 -7.30673047E+01  3.74391431E-01
  5.50000000E+00 -8.59720989E+01  1.50034688E-01  5.50000000E+00 -8.06771874E+01  2.64326563E-01  5.50000000E+00 -7.63865674E+01  3.96282995E-01  5.50000000E+00 -7.39960981E+01  4.69394319E-01
  6.00000000E+00 -8.58475154E+01  1.48174389E-01  6.00000000E+00 -8.09593719E+01  3.80657522E-01  6.00000000E+00 -7.62096455E+01  3.94111246E-01  6.00000000E+00 -7.45689898E+01  4.94862379E-01
  6.50000000E+00 -8.59069585E+01  1.56281100E-01  6.50000000E+00 -8.10287476E+01  2.82013957E-01  6.50000000E+00 -7.65889660E+01  3.72628445E-01  6.50000000E+00 -7.43893241E+01  3.80213521E-01
  7.00000000E+00 -8.57868277E+01  1.57920074E-01  7.00000000E+00 -8.03916652E+01  2.96443980E-01  7.00000000E+00 -7.69360923E+01  3.49418911E-01  7.00000000E+00 -7.36832803E+01  4.15458864E-01
  7.50000000E+00 -8.57961921E+01  1.53656740E-01  7.50000000E+00 -8.00585698E+01  3.25934533E-01  7.50000000E+00 -7.68366493E+01  4.43046320E-01  7.50000000E+00 -7.28782536E+01  4.89009565E-01
  8.00000000E+00 -8.58290794E+01  1.60384012E-01  8.00000000E+00 -8.03596694E+01  4.11883870E-01  8.00000000E+00 -7.68487071E+01  3.70477159E-01  8.00000000E+00 -7.29606547E+01  3.97592835E-01
  8.50000000E+00 -8.59626849E+01  1.37310160E-01  8.50000000E+00 -8.04412079E+01  3.27874334E-01  8.50000000E+00 -7.66401521E+01  3.38878610E-01  8.50000000E+00 -7.34245465E+01  3.91622812E-01
  9.00000000E+00 -8.59224837E+01  1.49283020E-01  9.00000000E+00 -8.08651906E+01  2.88240554E-01  9.00000000E+00 -7.62154369E+01  4.19291747E-01  9.00000000E+00 -7.42522008E+01  4.90928451E-01
  9.50000000E+00 -8.58104044E+01  1.54305634E-01  9.50000000E+00 -8.10778957E+01  3.66022811E-01  9.50000000E+00 -7.62588938E+01  3.84727658E-01  9.50000000E+00 -7.46065717E+01  4.54671939E-01
  1.00000000E+01 -8.58726509E+01  1.66645399E-01  1.00000000E+01 -8.08982678E+01  2.73282080E-01  1.00000000E+01 -7.67991849E+01  3.51752949E-01  1.00000000E+01 -7.42174310E+01  3.62119237E-01
  1.05000000E+01 -8.58328460E+01  1.54258389E-01  1.05000000E+01 -8.01215565E+01  2.93265865E-01  1.05000000E+01 -7.69189419E+01  3.77552230E-01  1.05000000E+01 -7.33089389E+01  4.44413038E-01
  1.10000000E+01 -8.57682833E+01  1.55695625E-01  1.10000000E+01 -8.01558228E+01  3.46142996E-01  1.10000000E+01 -7.68546702E+01  4.27307045E-01  1.10000000E+01 -7.28141147E+01  4.94675045E-01
  1.15000000E+01 -8.58866713E+01  1.53934748E-01  1.15000000E+01 -8.03440810E+01  4.23548342E-01  1.15000000E+01 -7.68475311E+01  3.43700776E-01  1.15000000E+01 -7.30666964E+01  3.54675793E-01
  1.20000000E+01 -8.59101316E+01  1.62178335E-01  1.20000000E+01 -8.06103816E+01  2.72773341E-01  1.20000000E+01 -7.65110399E+01  3.58550887E-01  1.20000000E+01 -7.37215446E+01  4.32461687E-01
  1.25000000E+01 -8.59123291E+01  1.45990652E-01  1.25000000E+01 -8.09937741E+01  3.45002072E-01  1.25000000E+01 -7.62265304E+01  4.19090382E-01  1.25000000E+01 -7.44949677E+01  4.78994582E-01
  1.30000000E+01 -8.58291697E+01  1.56772859E-01  1.30000000E+01 -8.10263373E+01  3.45801414E-01  1.30000000E+01 -7.64056494E+01  3.79588591E-01  1.30000000E+01 -7.46144291E+01  4.01130964E-01
  1.35000000E+01 -8.58465088E+01  1.59894712E-01  1.35000000E+01 -8.05818371E+01  2.98128639E-01  1.35000000E+01 -7.69446868E+01  3.34422622E-01  1.35000000E+01 -7.39539245E+01  3.83049103E-01
  1.40000000E+01 -8.58360474E+01  1.48686713E-01  1.40000000E+01 -7.99703342E+01  2.96618680E-01  1.40000000E+01 -7.68516449E+01  4.12418935E-01  1.40000000E+01 -7.30744012E+01  4.63327916E-01
  1.45000000E+01 -8.57666971E+01  1.63196268E-01  1.45000000E+01 -8.01655436E+01  3.87328276E-01  1.45000000E+01 -7.68890241E+01  4.09524958E-01  1.45000000E+01 -7.27959541E+01  4.42895254E-01
  1.50000000E+01 -8.59307050E+01  1.49141494E-01  1.50000000E+01 -8.04199374E+01  3.71024458E-01  1.50000000E+01 -7.67919849E+01  3.10469844E-01  1.50000000E+01 -7.32972315E+01  3.53812055E-01
  1.55000000E+01 -8.59466982E+01  1.58815250E-01  1.55000000E+01 -8.07457712E+01  2.62410047E-01  1.55000000E+01 -7.63448547E+01  4.09582439E-01  1.55000000E+01 -7.40390805E+01  4.46594512E-01
  1.60000000E+01 -8.58204674E+01  1.53827715E-01  1.60000000E+01 -8.10092522E+01  3.98516814E-01  1.60000000E+01 -7.62521613E+01  3.99043354E-01  1.60000000E+01 -7.47389189E+01  4.61138823E-01
  1.65000000E+01 -8.58534208E+01  1.66472337E-01  1.65000000E+01 -8.08561892E+01  3.23992480E-01  1.65000000E+01 -7.66895313E+01  3.64629814E-01  1.65000000E+01 -7.44774772E+01  3.69005893E-01
  1.70000000E+01 -8.57686769E+01  1.56908707E-01  1.70000000E+01 -8.02864195E+01  3.28119253E-01  1.70000000E+01 -7.69708189E+01  3.43977128E-01  1.70000000E+01 -7.37220884E+01  3.98142552E-01
  1.75000000E+01 -8.58010950E+01  1.55634955E-01  1.75000000E+01 -8.00842137E+01  3.05399039E-01  1.75000000E+01 -7.67876389E+01  4.39314339E-01  1.75000000E+01 -7.28188421E+01  4.94539973E-01
  1.80000000E+01 -8.58363236E+01  1.58979780E-01  1.80000000E+01 -8.01862768E+01  4.18012173E-01  1.80000000E+01 -7.69131743E+01  3.83686543E-01  1.80000000E+01 -7.29228100E+01  3.80064136E-01
  1.85000000E+01 -8.58696462E+01  1.59064052E-01  1.85000000E+01 -8.05731716E+01  3.00966563E-01  1.85000000E+01 -7.66533524E+01  3.19364205E-01  1.85000000E+01 -7.36639020E+01  3.88252562E-01
  1.90000000E+01 -8.59196482E+01  1.60142698E-01  1.90000000E+01 -8.09147342E+01  2.98892244E-01  1.90000000E+01 -7.62232455E+01  4.38520629E-01  1.90000000E+01 -7.43305634E+01  4.55170317E-01
  1.95000000E+01 -8.57942776E+01  1.51742014E-01  1.95000000E+01 -8.09823860E+01  3.93271770E-01  1.95000000E+01 -7.62753752E+01  3.92705995E-01  1.95000000E+01 -7.47161164E+01  4.28027719E-01
  2.00000000E+01 -8.59184440E+01  1.60513610E-01  2.00000000E+01 -8.07846094E+01  3.06857846E-01  2.00000000E+01 -7.67839213E+01  3.50200456E-01  2.00000000E+01 -7.42704523E+01  3.47232617E-01
  2.05000000E+01 -8.57735670E+01  1.54387243E-01  2.05000000E+01 -8.00999373E+01  3.19923653E-01  2.05000000E+01 -7.68691360E+01  3.97526392E-01  2.05000000E+01 -7.33183918E+01  4.28525616E-01
  2.10000000E+01 -8.57879027E+01  1.57044489E-01  2.10000000E+01 -8.01516732E+01  3.34406415E-01  2.10000000E+01 -7.68894554E+01  4.17777774E-01  2.10000000E+01 -7.27449408E+01  4.88003122E-01
  2.15000000E+01 -8.58635175E+01  1.45893105E-01  2.15000000E+01 -8.02882697E+01  4.04890835E-01  2.15000000E+01 -7.68671008E+01  3.42158662E-01  2.15000000E+01 -7.31593301E+01  3.47628731E-01
  2.20000000E+01 -8.59334353E+01  1.66606298E-01  2.20000000E+01 -8.06630891E+01  2.62141720E-01  2.20000000E+01 -7.65270664E+01  3.57049252E-01  2.20000000E+01 -7.37814281E+01  4.20985182E-01
  2.25000000E+01 -8.58476872E+01  1.65077073E-01  2.25000000E+01 -8.09413864E+01  3.48613528E-01  2.25000000E+01 -7.61580180E+01  4.39821038E-01  2.25000000E+01 -7.45443483E+01  4.61402997E-01
  2.30000000E+01 -8.58104291E+01  1.54721050E-01  2.30000000E+01 -8.09074102E+01  3.53247970E-01  2.30000000E+01 -7.63127022E+01  3.84913886E-01  2.30000000E+01 -7.46031989E+01  4.01394881E-01
  2.35000000E+01 -8.58492999E+01  1.63680991E-01  2.35000000E+01 -8.05229363E+01  3.26178235E-01  2.35000000E+01 -7.68797436E+01  3.50960275E-01  2.35000000E+01 -7.40371337E+01  3.64856982E-01
  2.40000000E+01 -8.57492831E+01  1.62719517E-01  2.40000000E+01 -8.00927961E+01  2.95984917E-01  2.40000000E+01 -7.68173536E+01  4.24622052E-01  2.40000000E+01 -7.30073178E+01  4.81923782E-01
  2.45000000E+01 -8.58175584E+01  1.60680007E-01  2.45000000E+01 -8.01522892E+01  3.85404248E-01  2.45000000E+01 -7.68946466E+01  4.19032540E-01  2.45000000E+01 -7.28612840E+01  4.26601333E-01
  2.50000000E+01 -8.58809722E+01  1.42460631E-01  2.50000000E+01 -8.03725967E+01  3.64373955E-01  2.50000000E+01 -7.67938459E+01  3.15790212E-01  2.50000000E+01 -7.33554062E+01  3.68688530E-01
  2.55000000E+01 -8.59097668E+01  1.81717068E-01  2.55000000E+01 -8.07217548E+01  2.64269087E-01  2.55000000E+01 -7.63857872E+01  3.99265949E-01  2.55000000E+01 -7.40283241E+01  4.37203331E-01
  2.60000000E+01 -8.57594560E+01  1.63314140E-01  2.60000000E+01 -8.09271435E+01  3.94260059E-01  2.60000000E+01 -7.61086291E+01  4.35168715E-01  2.60000000E+01 -7.45934595E+01  4.51683210E-01
  2.65000000E+01 -8.58813892E+01  1.56726492E-01  2.65000000E+01 -8.07766461E+01  3.16276173E-01  2.65000000E+01 -7.65865554E+01  3.57498902E-01  2.65000000E+01 -7.44089456E+01  3.62798037E-01
  2.70000000E+01 -8.57405341E+01  1.63959947E-01  2.70000000E+01 -8.03608822E+01  3.09992172E-01  2.70000000E+01 -7.68612533E+01  3.78767397E-01  2.70000000E+01 -7.36247106E+01  3.99749682E-01
  2.75000000E+01 -8.57977147E+01  1.54223257E-01  2.75000000E+01 -8.00225005E+01  3.09270072E-01  2.75000000E+01 -7.67849315E+01  4.24994648E-01  2.75000000E+01 -7.29103728E+01  4.92072767E-01
  2.80000000E+01 -8.58070104E+01  1.59544342E-01  2.80000000E+01 -8.01952865E+01  4.15545749E-01  2.80000000E+01 -7.68372106E+01  3.86831462E-01  2.80000000E+01 -7.31551655E+01  3.54353226E-01
  2.85000000E+01 -8.59384582E+01  1.55494019E-01  2.85000000E+01 -8.04390916E+01  3.05185192E-01  2.85000000E+01 -7.66688891E+01  3.17671391E-01  2.85000000E+01 -7.36111115E+01  3.95323919E-01
  2.90000000E+01 -8.58754008E+01  1.71422033E-01  2.90000000E+01 -8.08556060E+01  2.99713949E-01  2.90000000E+01 -7.62797707E+01  4.32669435E-01  2.90000000E+01 -7.43862840E+01  4.67250581E-01
  2.95000000E+01 -8.57506452E+01  1.61005797E-01  2.95000000E+01 -8.08800573E+01  4.00932228E-01  2.95000000E+01 -7.61010362E+01  4.11235336E-01  2.95000000E+01 -7.45726408E+01  4.30946962E-01
  3.00000000E+01 -8.58890724E+01  1.65543412E-01  3.00000000E+01 -8.07319971E+01  2.99701348E-01  3.00000000E+01 -7.67754433E+01  3.56424737E-01  3.00000000E+01 -7.41768624E+01  3.52752685E-01
  3.05000000E+01 -8.57691220E+01  1.57902011E-01  3.05000000E+01 -8.00556756E+01  3.06249034E-01  3.05000000E+01 -7.68422238E+01  3.92991456E-01  3.05000000E+01 -7.32729485E+01  4.51637502E-01
  3.10000000E+01 -8.58159941E+01  1.56918877E-01  3.10000000E+01 -8.00346517E+01  3.43148142E-01  3.10000000E+01 -7.68185129E+01  4.35734618E-01  3.10000000E+01 -7.29163796E+01  4.68940665E-01
  3.15000000E+01 -8.58899003E+01  1.40026389E-01  3.15000000E+01 -8.03151610E+01  4.02060238E-01  3.15000000E+01 -7.67551833E+01  3.50032209E-01  3.15000000E+01 -7.32045382E+01  3.51623453E-01
  3.20000000E+01 -8.59736452E+01  1.68112905E-01  3.20000000E+01 -8.06171785E+01  2.57795793E-01  3.20000000E+01 -7.64449553E+01  3.51988433E-01  3.20000000E+01 -7.39696116E+01  4.44694591E-01
  3.25000000E+01 -8.58047143E+01  1.70458213E-01  3.25000000E+01 -8.09240097E+01  3.48539024E-01  3.25000000E+01 -7.61959035E+01  4.47934709E-01  3.25000000E+01 -7.45314982E+01  4.59464828E-01
  3.30000000E+01 -8.58699142E+01  1.54010904E-01  3.30000000E+01 -8.08363718E+01  3.70085319E-01  3.30000000E+01 -7.62641787E+01  3.84518408E-01  3.30000000E+01 -7.44722478E+01  3.94144195E-01
  3.35000000E+01 -8.58263727E+01  1.64354141E-01  3.35000000E+01 -8.06030452E+01  3.07602806E-01  3.35000000E+01 -7.68651989E+01  3.58857540E-01  3.35000000E+01 -7.38398337E+01  3.79053243E-01
  3.40000000E+01 -8.57838077E+01  1.50919373E-01  3.40000000E+01 -8.00247130E+01  2.91415455E-01  3.40000000E+01 -7.68117014E+01  4.15168693E-01  3.40000000E+01 -7.30167371E+01  4.73844791E-01
  3.45000000E+01 -8.58107933E+01  1.57208083E-01  3.45000000E+01 -8.01723712E+01  3.81557351E-01  3.45000000E+01 -7.67611434E+01  4.32794720E-01  3.45000000E+01 -7.29489298E+01  4.17498720E-01
  3.50000000E+01 -8.59343155E+01  1.39077226E-01  3.50000000E+01 -8.05285107E+01  3.57133148E-01  3.50000000E+01 -7.66687894E+01  3.17304502E-01  3.50000000E+01 -7.33610126E+01  3.69359553E-01
  3.55000000E+01 -8.60010365E+01  1.65149795E-01  3.55000000E+01 -8.07898302E+01  2.70473043E-01  3.55000000E+01 -7.64668112E+01  3.95109851E-01  3.55000000E+01 -7.43388079E+01  4.62613019E-01
  3.60000000E+01 -8.58051618E+01  1.60718109E-01  3.60000000E+01 -8.09019852E+01  3.96601645E-01  3.60000000E+01 -7.61017648E+01  4.38159566E-01  3.60000000E+01 -7.45668446E+01  4.57377369E-01
  3.65000000E+01 -8.59190867E+01  1.63956351E-01  3.65000000E+01 -8.08145057E+01  3.28890557E-01  3.65000000E+01 -7.65365904E+01  3.66075256E-01  3.65000000E+01 -7.42999140E+01  3.66482196E-01
  3.70000000E+01 -8.58246570E+01  1.55387905E-01  3.70000000E+01 -8.03152141E+01  3.11621128E-01  3.70000000E+01 -7.68210551E+01  3.66495256E-01  3.70000000E+01 -7.35759316E+01  4.11053505E-01
  3.75000000E+01 -8.57283278E+01  1.49350622E-01  3.75000000E+01 -7.99712399E+01  3.08628032E-01  3.75000000E+01 -7.68255394E+01  4.32457456E-01  3.75000000E+01 -7.29251004E+01  4.90111929E-01
  3.80000000E+01 -8.58384251E+01  1.42957084E-01  3.80000000E+01 -8.02874691E+01  4.13753833E-01  3.80000000E+01 -7.67656388E+01  3.96511997E-01  3.80000000E+01 -7.29238280E+01  3.82405043E-01
  3.85000000E+01 -8.60088853E+01  1.44723789E-01  3.85000000E+01 -8.06177024E+01  2.95715045E-01  3.85000000E+01 -7.66200636E+01  3.17876236E-01  3.85000000E+01 -7.37048554E+01  4.18319271E-01
  3.90000000E+01 -8.59630685E+01  1.48772093E-01  3.90000000E+01 -8.09413436E+01  3.06548037E-01  3.90000000E+01 -7.62853653E+01  4.31827463E-01  3.90000000E+01 -7.45559639E+01  4.69960389E-01
  3.95000000E+01 -8.58318643E+01  1.62326523E-01  3.95000000E+01 -8.10219039E+01  4.03896636E-01  3.95000000E+01 -7.62428653E+01  4.05724685E-01  3.95000000E+01 -7.45033933E+01  4.44373487E-01
  4.00000000E+01 -8.58204990E+01  1.72530921E-01  4.00000000E+01 -8.07900847E+01  3.17316883E-01  4.00000000E+01 -7.66199552E+01  3.65897775E-01  4.00000000E+01 -7.40637725E+01  3.50830649E-01
  4.05000000E+01 -8.57727282E+01  1.52150419E-01  4.05000000E+01 -8.01574669E+01  2.82067425E-01  4.05000000E+01 -7.68301469E+01  3.79831255E-01  4.05000000E+01 -7.33144373E+01  4.72249507E-01
  4.10000000E+01 -8.58220044E+01  1.52774769E-01  4.10000000E+01 -8.01028344E+01  3.44245423E-01  4.10000000E+01 -7.67829722E+01  4.26717382E-01  4.10000000E+01 -7.28761230E+01  4.61207982E-01
  4.15000000E+01 -8.58553613E+01  1.47999099E-01  4.15000000E+01 -8.03302508E+01  3.90966894E-01  4.15000000E+01 -7.66646352E+01  3.61317449E-01  4.15000000E+01 -7.30882030E+01  3.50714316E-01
  4.20000000E+01 -8.59850393E+01  1.65730428E-01  4.20000000E+01 -8.07255804E+01  2.63744135E-01  4.20000000E+01 -7.65317402E+01  3.49299873E-01  4.20000000E+01 -7.40687075E+01  4.58155878E-01
  4.25000000E+01 -8.58675484E+01  1.52267502E-01  4.25000000E+01 -8.09344000E+01  3.40250610E-01  4.25000000E+01 -7.62623091E+01  4.53413296E-01  4.25000000E+01 -7.47130474E+01  4.55154647E-01
  4.30000000E+01 -8.58341023E+01  1.59864079E-01  4.30000000E+01 -8.09151264E+01  3.70888620E-01  4.30000000E+01 -7.63080477E+01  3.80533784E-01  4.30000000E+01 -7.43941594E+01  4.12897696E-01
  4.35000000E+01 -8.58219248E+01  1.62698067E-01  4.35000000E+01 -8.05708418E+01  3.02108741E-01  4.35000000E+01 -7.66228544E+01  3.69285272E-01  4.35000000E+01 -7.38365513E+01  3.97836107E-01
  4.40000000E+01 -8.58180695E+01  1.48988812E-01  4.40000000E+01 -8.00454334E+01  2.91556965E-01  4.40000000E+01 -7.68546750E+01  3.79430932E-01  4.40000000E+01 -7.31162474E+01  5.06157214E-01
  4.45000000E+01 -8.58473884E+01  1.57567031E-01  4.45000000E+01 -8.01483319E+01  3.84987578E-01  4.45000000E+01 -7.68147583E+01  4.15367444E-01  4.45000000E+01 -7.29589611E+01  4.07341286E-01
  4.50000000E+01 -8.59494486E+01  1.44735497E-01  4.50000000E+01 -8.03795699E+01  3.47390255E-01  4.50000000E+01 -7.66609989E+01  3.29159934E-01  4.50000000E+01 -7.33643964E+01  3.80986308E-01
  4.55000000E+01 -8.59619230E+01  1.62209013E-01  4.55000000E+01 -8.07390924E+01  2.56838140E-01  4.55000000E+01 -7.65051082E+01  4.00180934E-01  4.55000000E+01 -7.44380460E+01  4.76830747E-01
  4.60000000E+01 -8.58220630E+01  1.58318362E-01  4.60000000E+01 -8.09065255E+01  3.87052257E-01  4.60000000E+01 -7.62340004E+01  4.34253516E-01  4.60000000E+01 -7.45911129E+01  4.52272067E-01
  4.65000000E+01 -8.57789934E+01  1.64619655E-01  4.65000000E+01 -8.09577737E+01  3.29866599E-01  4.65000000E+01 -7.63574056E+01  3.69183437E-01  4.65000000E+01 -7.42491459E+01  3.68990207E-01
  4.70000000E+01 -8.57581571E+01  1.62647727E-01  4.70000000E+01 -8.03858407E+01  3.00540652E-01  4.70000000E+01 -7.66700957E+01  3.71857382E-01  4.70000000E+01 -7.35320136E+01  4.59395916E-01
  4.75000000E+01 -8.57605023E+01  1.59267819E-01  4.75000000E+01 -8.00418254E+01  3.14652348E-01  4.75000000E+01 -7.68763060E+01  4.00294730E-01  4.75000000E+01 -7.29926235E+01  4.91041876E-01
  4.80000000E+01 -8.59000447E+01  1.45342151E-01  4.80000000E+01 -8.01785840E+01  4.12324287E-01  4.80000000E+01 -7.68024648E+01  3.93133144E-01  4.80000000E+01 -7.29628722E+01  3.53156518E-01
  4.85000000E+01 -8.59770457E+01  1.55922615E-01  4.85000000E+01 -8.05211946E+01  2.98415402E-01  4.85000000E+01 -7.65289629E+01  3.20773343E-01  4.85000000E+01 -7.36785130E+01  4.32058469E-01
  4.90000000E+01 -8.59046905E+01  1.58997188E-01  4.90000000E+01 -8.07525613E+01  2.88534985E-01  4.90000000E+01 -7.64323301E+01  4.27617784E-01  4.90000000E+01 -7.45090577E+01  4.64637884E-01
  4.95000000E+01 -8.58193573E+01  1.61522219E-01  4.95000000E+01 -8.08575884E+01  3.84516435E-01  4.95000000E+01 -7.62085717E+01  4.01868876E-01  4.95000000E+01 -7.45430216E+01  4.24319025E-01
  5.00000000E+01 -8.58220807E+01  1.71395695E-01  5.00000000E+01 -8.08176209E+01  3.22997604E-01  5.00000000E+01 -7.64232551E+01  3.64264759E-01  5.00000000E+01 -7.40782586E+01  3.57762444E-01
  5.05000000E+01 -8.57419544E+01  1.66773245E-01  5.05000000E+01 -8.01524618E+01  2.99742687E-01  5.05000000E+01 -7.67520464E+01  3.65944132E-01  5.05000000E+01 -7.32823823E+01  5.01458744E-01
  5.10000000E+01 -8.57645971E+01  1.71363172E-01  5.10000000E+01 -8.00254167E+01  3.36919139E-01  5.10000000E+01 -7.69840117E+01  4.16200108E-01  5.10000000E+01 -7.29454679E+01  4.40534654E-01
  5.15000000E+01 -8.58853157E+01  1.48101280E-01  5.15000000E+01 -8.03916695E+01  3.96390816E-01  5.15000000E+01 -7.66936933E+01  3.51633564E-01  5.15000000E+01 -7.30441859E+01  3.38967899E-01
  5.20000000E+01 -8.59073826E+01  1.67455458E-01  5.20000000E+01 -8.06342730E+01  2.55846968E-01  5.20000000E+01 -7.64764407E+01  3.56920784E-01  5.20000000E+01 -7.39404577E+01  4.63207185E-01
  5.25000000E+01 -8.58004321E+01  1.64800288E-01  5.25000000E+01 -8.07620833E+01  3.50845071E-01  5.25000000E+01 -7.63813364E+01  4.37744662E-01  5.25000000E+01 -7.45999419E+01  4.70062410E-01
  5.30000000E+01 -8.58166628E+01  1.58481761E-01  5.30000000E+01 -8.09615797E+01  3.43107458E-01  5.30000000E+01 -7.62113039E+01  3.56530451E-01  5.30000000E+01 -7.44272794E+01  3.59228915E-01
  5.35000000E+01 -8.58512578E+01  1.66306261E-01  5.35000000E+01 -8.06751564E+01  3.20022389E-01  5.35000000E+01 -7.65709777E+01  3.70447310E-01  5.35000000E+01 -7.38551346E+01  4.11245953E-01
  5.40000000E+01 -8.57338038E+01  1.69587333E-01  5.40000000E+01 -7.99867309E+01  3.04411813E-01  5.40000000E+01 -7.67133935E+01  3.85956208E-01  5.40000000E+01 -7.31967904E+01  5.21623334E-01
  5.45000000E+01 -8.58037291E+01  1.67277276E-01  5.45000000E+01 -8.01443126E+01  3.82082336E-01  5.45000000E+01 -7.68846473E+01  4.02427354E-01  5.45000000E+01 -7.28885679E+01  3.64790148E-01
  5.50000000E+01 -8.58834515E+01  1.56558702E-01  5.50000000E+01 -8.05312596E+01  3.56754024E-01  5.50000000E+01 -7.66436871E+01  3.21419227E-01  5.50000000E+01 -7.32278025E+01  3.78646665E-01
  5.55000000E+01 -8.58787388E+01  1.76538216E-01  5.55000000E+01 -8.04985076E+01  2.62502207E-01  5.55000000E+01 -7.63767048E+01  4.02351595E-01  5.55000000E+01 -7.42568249E+01  4.65435243E-01
  5.60000000E+01 -8.58060775E+01  1.61538044E-01  5.60000000E+01 -8.08803033E+01  3.81167840E-01  5.60000000E+01 -7.62489291E+01  4.26492105E-01  5.60000000E+01 -7.46800844E+01  4.44238024E-01
  5.65000000E+01 -8.58572811E+01  1.61151056E-01  5.65000000E+01 -8.09441219E+01  3.40567239E-01  5.65000000E+01 -7.63301640E+01  3.45679863E-01  5.65000000E+01 -7.42571088E+01  3.27668852E-01
  5.70000000E+01 -8.58156827E+01  1.61708545E-01  5.70000000E+01 -8.03678133E+01  3.15116998E-01  5.70000000E+01 -7.66247218E+01  3.67287466E-01  5.70000000E+01 -7.35620567E+01  4.89456997E-01
  5.75000000E+01 -8.57641069E+01  1.62059695E-01  5.75000000E+01 -7.99896780E+01  3.11276419E-01  5.75000000E+01 -7.68115592E+01  3.95924837E-01  5.75000000E+01 -7.30534888E+01  4.88499422E-01
  5.80000000E+01 -8.58352684E+01  1.65728201E-01  5.80000000E+01 -8.02569410E+01  4.09931150E-01  5.80000000E+01 -7.68631166E+01  3.76162993E-01  5.80000000E+01 -7.29499982E+01  3.27251252E-01
  5.85000000E+01 -8.59029282E+01  1.63981374E-01  5.85000000E+01 -8.05078195E+01  3.02519894E-01  5.85000000E+01 -7.65930813E+01  3.14858770E-01  5.85000000E+01 -7.35269988E+01  4.18779548E-01
  5.90000000E+01 -8.59173851E+01  1.46811775E-01  5.90000000E+01 -8.05745476E+01  2.97560211E-01  5.90000000E+01 -7.63991362E+01  4.19137283E-01  5.90000000E+01 -7.45026744E+01  4.73882091E-01
  5.95000000E+01 -8.58629397E+01  1.50430418E-01  5.95000000E+01 -8.09289046E+01  3.80166670E-01  5.95000000E+01 -7.62827113E+01  3.84156278E-01  5.95000000E+01 -7.46485753E+01  3.98265949E-01
  6.00000000E+01 -8.58501167E+01  1.72627755E-01  6.00000000E+01 -8.08044709E+01  3.29079920E-01  6.00000000E+01 -7.65719111E+01  3.41655200E-01  6.00000000E+01 -7.40900816E+01  3.88124468E-01
  6.05000000E+01 -8.58031871E+01  1.56567165E-01  6.05000000E+01 -8.01328686E+01  3.05686885E-01  6.05000000E+01 -7.67693468E+01  3.69369672E-01  6.05000000E+01 -7.33305597E+01  5.27404728E-01
  6.10000000E+01 -8.57805870E+01  1.73095623E-01  6.10000000E+01 -8.00677107E+01  3.40961589E-01  6.10000000E+01 -7.68134448E+01  3.98409466E-01  6.10000000E+01 -7.30510146E+01  4.07974687E-01
  6.15000000E+01 -8.58562557E+01  1.60556898E-01  6.15000000E+01 -8.04397239E+01  3.97540061E-01  6.15000000E+01 -7.67573638E+01  3.46601658E-01  6.15000000E+01 -7.30311881E+01  3.54795055E-01
  6.20000000E+01 -8.58953984E+01  1.76226425E-01  6.20000000E+01 -8.05101555E+01  2.68925689E-01  6.20000000E+01 -7.65594393E+01  3.44391248E-01  6.20000000E+01 -7.39035099E+01  4.51754658E-01
  6.25000000E+01 -8.58763289E+01  1.58602610E-01  6.25000000E+01 -8.08432655E+01  3.55691006E-01  6.25000000E+01 -7.62614084E+01  4.26966932E-01  6.25000000E+01 -7.45910099E+01  4.67558494E-01
  6.30000000E+01 -8.58721258E+01  1.56354882E-01  6.30000000E+01 -8.09009941E+01  3.65606108E-01  6.30000000E+01 -7.62893040E+01  3.46774268E-01  6.30000000E+01 -7.45554117E+01  3.60368339E-01
  6.35000000E+01 -8.58288349E+01  1.67244749E-01  6.35000000E+01 -8.05735024E+01  3.19676874E-01  6.35000000E+01 -7.67077327E+01  3.53290327E-01  6.35000000E+01 -7.38767030E+01  4.30374488E-01
  6.40000000E+01 -8.57672194E+01  1.59871524E-01  6.40000000E+01 -8.00282627E+01  3.10103704E-01  6.40000000E+01 -7.68015643E+01  3.79831330E-01  6.40000000E+01 -7.32380860E+01  5.10751338E-01
  6.45000000E+01 -8.58490527E+01  1.71128596E-01  6.45000000E+01 -8.01908989E+01  3.83804789E-01  6.45000000E+01 -7.68300701E+01  3.94921387E-01  6.45000000E+01 -7.29354633E+01  3.64560278E-01
  6.50000000E+01 -8.59077979E+01  1.47801874E-01  6.50000000E+01 -8.05334187E+01  3.61773617E-01  6.50000000E+01 -7.67440602E+01  3.07399908E-01  6.50000000E+01 -7.32051344E+01  4.04421987E-01
  6.55000000E+01 -8.59863998E+01  1.66826828E-01  6.55000000E+01 -8.06283695E+01  2.51496910E-01  6.55000000E+01 -7.65017948E+01  3.77971619E-01  6.55000000E+01 -7.41446732E+01  4.64611530E-01
  6.60000000E+01 -8.58906099E+01  1.46802003E-01  6.60000000E+01 -8.08981711E+01  3.90913024E-01  6.60000000E+01 -7.62084593E+01  3.99488899E-01  6.60000000E+01 -7.45737965E+01  4.39948411E-01
  6.65000000E+01 -8.58553649E+01  1.65517766E-01  6.65000000E+01 -8.09349930E+01  3.26849759E-01  6.65000000E+01 -7.64971991E+01  3.30950380E-01  6.65000000E+01 -7.43887839E+01  3.43813677E-01
  6.70000000E+01 -8.57296555E+01  1.68572523E-01  6.70000000E+01 -8.02700482E+01  3.21839503E-01  6.70000000E+01 -7.67980850E+01  3.60519720E-01  6.70000000E+01 -7.35905780E+01  4.95169585E-01
  6.75000000E+01 -8.57150300E+01  1.73123386E-01  6.75000000E+01 -8.00470158E+01  3.18468156E-01  6.75000000E+01 -7.67435614E+01  4.02350423E-01  6.75000000E+01 -7.31799592E+01  4.65335060E-01
  6.80000000E+01 -8.58508516E+01  1.66824165E-01  6.80000000E+01 -8.03034569E+01  4.02625267E-01  6.80000000E+01 -7.68086744E+01  3.70126873E-01  6.80000000E+01 -7.29617733E+01  3.65700039E-01
  6.85000000E+01 -8.59217998E+01  1.57375565E-01  6.85000000E+01 -8.04988531E+01  3.07506527E-01  6.85000000E+01 -7.66960808E+01  2.95595018E-01  6.85000000E+01 -7.34839712E+01  4.22201016E-01
  6.90000000E+01 -8.59357022E+01  1.56032662E-01  6.90000000E+01 -8.07034580E+01  2.94025729E-01  6.90000000E+01 -7.63746797E+01  4.00051527E-01  6.90000000E+01 -7.43518984E+01  4.75518721E-01
  6.95000000E+01 -8.58795876E+01  1.52114176E-01  6.95000000E+01 -8.09162523E+01  3.92507776E-01  6.95000000E+01 -7.62654136E+01  3.77922995E-01  6.95000000E+01 -7.45753216E+01  3.96914021E-01
  7.00000000E+01 -8.58726903E+01  1.63292374E-01  7.00000000E+01 -8.07100341E+01  3.18232515E-01  7.00000000E+01 -7.66896069E+01  3.40112233E-01  7.00000000E+01 -7.41401230E+01  3.65632091E-01
  7.05000000E+01 -8.58219421E+01  1.64252809E-01  7.05000000E+01 -7.99971639E+01  3.27338319E-01  7.05000000E+01 -7.67646936E+01  3.83008146E-01  7.05000000E+01 -7.34747560E+01  5.01104452E-01
  7.10000000E+01 -8.57777882E+01  1.75577275E-01  7.10000000E+01 -8.00994536E+01  3.56897453E-01  7.10000000E+01 -7.67766387E+01  4.04450359E-01  7.10000000E+01 -7.31722486E+01  4.03298177E-01
  7.15000000E+01 -8.59058060E+01  1.57386979E-01  7.15000000E+01 -8.03925085E+01  3.86346881E-01  7.15000000E+01 -7.67926602E+01  3.22729201E-01  7.15000000E+01 -7.30237088E+01  3.83824395E-01
  7.20000000E+01 -8.59866767E+01  1.66746530E-01  7.20000000E+01 -8.04906059E+01  2.69167794E-01  7.20000000E+01 -7.65845318E+01  3.24429572E-01  7.20000000E+01 -7.36549448E+01  4.46401417E-01
  7.25000000E+01 -8.59717045E+01  1.51153306E-01  7.25000000E+01 -8.07612617E+01  3.54983049E-01  7.25000000E+01 -7.62353116E+01  4.03732760E-01  7.25000000E+01 -7.44066865E+01  4.73259893E-01
  7.30000000E+01 -8.58964172E+01  1.56064621E-01  7.30000000E+01 -8.09315326E+01  3.62555041E-01  7.30000000E+01 -7.64069198E+01  3.62975910E-01  7.30000000E+01 -7.44921859E+01  3.34585327E-01
  7.35000000E+01 -8.58649093E+01  1.59578512E-01  7.35000000E+01 -8.03787719E+01  3.21125291E-01  7.35000000E+01 -7.68208269E+01  3.57884932E-01  7.35000000E+01 -7.39833759E+01  4.15622843E-01
  7.40000000E+01 -8.57444898E+01  1.65764355E-01  7.40000000E+01 -8.00322974E+01  3.13944632E-01  7.40000000E+01 -7.66365032E+01  4.04123127E-01  7.40000000E+01 -7.34339653E+01  4.85098581E-01
  7.45000000E+01 -8.58691678E+01  1.71817226E-01  7.45000000E+01 -8.02179841E+01  3.79203834E-01  7.45000000E+01 -7.67710585E+01  3.80270926E-01  7.45000000E+01 -7.30611474E+01  3.83518948E-01
  7.50000000E+01 -8.59134056E+01  1.49145665E-01  7.50000000E+01 -8.03850593E+01  3.63176253E-01  7.50000000E+01 -7.67123731E+01  3.06937780E-01  7.50000000E+01 -7.30875073E+01  3.99031353E-01
  7.55000000E+01 -8.60285840E+01  1.63684018E-01  7.55000000E+01 -8.06053022E+01  2.60582793E-01  7.55000000E+01 -7.64564973E+01  3.68905993E-01  7.55000000E+01 -7.40012751E+01  4.68839735E-01
  7.60000000E+01 -8.59565583E+01  1.50262792E-01  7.60000000E+01 -8.08374814E+01  3.87747376E-01  7.60000000E+01 -7.63008640E+01  4.02549613E-01  7.60000000E+01 -7.44629609E+01  4.26623874E-01
  7.65000000E+01 -8.59045063E+01  1.56231568E-01  7.65000000E+01 -8.08699472E+01  3.33418528E-01  7.65000000E+01 -7.66405600E+01  3.45674882E-01  7.65000000E+01 -7.42884749E+01  3.31157386E-01
  7.70000000E+01 -8.58149005E+01  1.63110298E-01  7.70000000E+01 -8.02652355E+01  3.19305706E-01  7.70000000E+01 -7.67847709E+01  3.61675151E-01  7.70000000E+01 -7.37638953E+01  4.50722256E-01
  7.75000000E+01 -8.56740832E+01  1.75440609E-01  7.75000000E+01 -8.01495507E+01  3.21585913E-01  7.75000000E+01 -7.66353188E+01  4.16332153E-01  7.75000000E+01 -7.32886796E+01  4.49700970E-01
  7.80000000E+01 -8.58843835E+01  1.65629149E-01  7.80000000E+01 -8.03187403E+01  4.07163790E-01  7.80000000E+01 -7.67667520E+01  3.48210778E-01  7.80000000E+01 -7.30400155E+01  3.73874980E-01
  7.85000000E+01 -8.59440324E+01  1.69930904E-01  7.85000000E+01 -8.03876796E+01  3.14273271E-01  7.85000000E+01 -7.66273477E+01  3.16264303E-01  7.85000000E+01 -7.33114121E+01  4.12384880E-01
  7.90000000E+01 -8.60211138E+01  1.44058507E-01  7.90000000E+01 -8.07139327E+01  2.98335667E-01  7.90000000E+01 -7.63045504E+01  4.00132513E-01  7.90000000E+01 -7.42105071E+01  4.63125344E-01
  7.95000000E+01 -8.58967204E+01  1.48718687E-01  7.95000000E+01 -8.08894080E+01  4.01419095E-01  7.95000000E+01 -7.63278393E+01  3.87887690E-01  7.95000000E+01 -7.45226115E+01  3.80643055E-01
  8.00000000E+01 -8.58322998E+01  1.64366672E-01  8.00000000E+01 -8.06844467E+01  3.17388251E-01  8.00000000E+01 -7.68454977E+01  3.43262153E-01  8.00000000E+01 -7.42276847E+01  3.46918289E-01
  8.05000000E+01 -8.57129136E+01  1.67153911E-01  8.05000000E+01 -8.01883767E+01  3.25219648E-01  8.05000000E+01 -7.67432031E+01  3.80128822E-01  8.05000000E+01 -7.35796006E+01  4.69852845E-01
  8.10000000E+01 -8.57720437E+01  1.76136280E-01  8.10000000E+01 -8.02186597E+01  3.37003955E-01  8.10000000E+01 -7.66917110E+01  3.93577001E-01  8.10000000E+01 -7.31014213E+01  4.33938345E-01
  8.15000000E+01 -8.59087439E+01  1.59547357E-01  8.15000000E+01 -8.03298725E+01  4.00924043E-01  8.15000000E+01 -7.68203770E+01  3.12306665E-01  8.15000000E+01 -7.30697148E+01  3.68411706E-01
  8.20000000E+01 -8.60034146E+01  1.62338772E-01  8.20000000E+01 -8.05546597E+01  2.61727439E-01  8.20000000E+01 -7.65409494E+01  3.49257748E-01  8.20000000E+01 -7.37307648E+01  4.39293307E-01
  8.25000000E+01 -8.59469272E+01  1.48454873E-01  8.25000000E+01 -8.08591850E+01  3.54751990E-01  8.25000000E+01 -7.61234424E+01  4.16032668E-01  8.25000000E+01 -7.44061119E+01  4.57895219E-01
  8.30000000E+01 -8.58807476E+01  1.60963707E-01  8.30000000E+01 -8.09664065E+01  3.69430303E-01  8.30000000E+01 -7.64000112E+01  3.61677588E-01  8.30000000E+01 -7.44011864E+01  3.64352378E-01
  8.35000000E+01 -8.58287481E+01  1.63446598E-01  8.35000000E+01 -8.05646709E+01  2.90051238E-01  8.35000000E+01 -7.69249009E+01  3.38790826E-01  8.35000000E+01 -7.40338605E+01  3.77204867E-01
  8.40000000E+01 -8.56949623E+01  1.68524462E-01  8.40000000E+01 -8.00634393E+01  3.16351982E-01  8.40000000E+01 -7.67207373E+01  3.94052457E-01  8.40000000E+01 -7.32682379E+01  4.84561242E-01
  8.45000000E+01 -8.57996158E+01  1.82704114E-01  8.45000000E+01 -8.02316544E+01  3.81467260E-01  8.45000000E+01 -7.67614582E+01  3.66855703E-01  8.45000000E+01 -7.30813854E+01  4.03219457E-01
  8.50000000E+01 -8.59809444E+01  1.54607660E-01  8.50000000E+01 -8.03097303E+01  3.66433695E-01  8.50000000E+01 -7.67814725E+01  2.98130698E-01  8.50000000E+01 -7.32731193E+01  3.82358348E-01
  8.55000000E+01 -8.59779942E+01  1.57235036E-01  8.55000000E+01 -8.07346776E+01  2.48184415E-01  8.55000000E+01 -7.62986336E+01  3.89240933E-01  8.55000000E+01 -7.39421798E+01  4.65854783E-01
  8.60000000E+01 -8.58385755E+01  1.64471855E-01  8.60000000E+01 -8.09049018E+01  4.08598051E-01  8.60000000E+01 -7.62001845E+01  4.07375038E-01  8.60000000E+01 -7.44682260E+01  4.43580150E-01
  8.65000000E+01 -8.58217585E+01  1.66451493E-01  8.65000000E+01 -8.09224773E+01  3.30754884E-01  8.65000000E+01 -7.66709096E+01  3.51219999E-01  8.65000000E+01 -7.43937154E+01  3.47754044E-01
  8.70000000E+01 -8.57963431E+01  1.64411995E-01  8.70000000E+01 -8.03925149E+01  3.03044309E-01  8.70000000E+01 -7.69377396E+01  3.51432347E-01  8.70000000E+01 -7.38144890E+01  4.33971911E-01
  8.75000000E+01 -8.57081827E+01  1.78764309E-01  8.75000000E+01 -8.00127520E+01  3.22998721E-01  8.75000000E+01 -7.68243252E+01  4.08467296E-01  8.75000000E+01 -7.30532070E+01  4.81284456E-01
  8.80000000E+01 -8.58437989E+01  1.71739182E-01  8.80000000E+01 -8.02755225E+01  4.05297680E-01  8.80000000E+01 -7.68040427E+01  3.55524689E-01  8.80000000E+01 -7.30777016E+01  3.87250706E-01
  8.85000000E+01 -8.60229378E+01  1.48173933E-01  8.85000000E+01 -8.03500659E+01  3.05100940E-01  8.85000000E+01 -7.66715405E+01  3.12412870E-01  8.85000000E+01 -7.34998138E+01  4.09757889E-01
  8.90000000E+01 -8.59789143E+01  1.50942005E-01  8.90000000E+01 -8.08311125E+01  2.79774535E-01  8.90000000E+01 -7.61427622E+01  4.16564880E-01  8.90000000E+01 -7.42029420E+01  4.69762259E-01
  8.95000000E+01 -8.58276464E+01  1.59963087E-01  8.95000000E+01 -8.09921428E+01  3.95459865E-01  8.95000000E+01 -7.62209994E+01  3.83932502E-01  8.95000000E+01 -7.44716856E+01  4.20486326E-01
  9.00000000E+01 -8.58747354E+01  1.68524765E-01  9.00000000E+01 -8.09025273E+01  2.93671388E-01  9.00000000E+01 -7.68073699E+01  3.47736748E-01  9.00000000E+01 -7.43295247E+01  3.39678425E-01
  9.05000000E+01 -8.57484306E+01  1.71131519E-01  9.05000000E+01 -8.01908966E+01  3.22796955E-01  9.05000000E+01 -7.68993249E+01  3.78701689E-01  9.05000000E+01 -7.34778499E+01  4.64641268E-01
  9.10000000E+01 -8.57615004E+01  1.77874748E-01  9.10000000E+01 -8.02076765E+01  3.35265685E-01  9.10000000E+01 -7.68251661E+01  4.10823464E-01  9.10000000E+01 -7.29292316E+01  4.45835862E-01
  9.15000000E+01 -8.59271583E+01  1.56251740E-01  9.15000000E+01 -8.02810358E+01  4.01405367E-01  9.15000000E+01 -7.68248180E+01  3.25520549E-01  9.15000000E+01 -7.31058125E+01  3.75515657E-01
  9.20000000E+01 -8.60096674E+01  1.52741679E-01  9.20000000E+01 -8.04676150E+01  2.51713280E-01  9.20000000E+01 -7.64968758E+01  3.40670063E-01  9.20000000E+01 -7.37218304E+01  4.31788547E-01
  9.25000000E+01 -8.59209009E+01  1.56329611E-01  9.25000000E+01 -8.07899084E+01  3.52143432E-01  9.25000000E+01 -7.61471421E+01  4.15177133E-01  9.25000000E+01 -7.43793638E+01  4.77778551E-01
  9.30000000E+01 -8.58435220E+01  1.59773408E-01  9.30000000E+01 -8.09591004E+01  3.53191523E-01  9.30000000E+01 -7.64000570E+01  3.74089747E-01  9.30000000E+01 -7.44753999E+01  3.89393632E-01
  9.35000000E+01 -8.58600802E+01  1.59335751E-01  9.35000000E+01 -8.07318990E+01  2.91762265E-01  9.35000000E+01 -7.69233233E+01  3.29670624E-01  9.35000000E+01 -7.41240896E+01  3.66937670E-01
  9.40000000E+01 -8.56957997E+01  1.66993641E-01  9.40000000E+01 -8.01256607E+01  3.10623626E-01  9.40000000E+01 -7.68793553E+01  4.01846880E-01  9.40000000E+01 -7.31364440E+01  4.73903454E-01
  9.45000000E+01 -8.57997962E+01  1.66558263E-01  9.45000000E+01 -8.02438851E+01  3.81301547E-01  9.45000000E+01 -7.67134747E+01  3.92289117E-01  9.45000000E+01 -7.28364585E+01  4.17515580E-01
  9.50000000E+01 -8.59932207E+01  1.44692247E-01  9.50000000E+01 -8.02343218E+01  3.51182942E-01  9.50000000E+01 -7.67470563E+01  3.09988270E-01  9.50000000E+01 -7.31732568E+01  3.82589089E-01
  9.55000000E+01 -8.59907266E+01  1.48907338E-01  9.55000000E+01 -8.06648108E+01  2.51076364E-01  9.55000000E+01 -7.64109536E+01  3.82003543E-01  9.55000000E+01 -7.39713707E+01  4.59788910E-01
  9.60000000E+01 -8.58924545E+01  1.52147699E-01  9.60000000E+01 -8.08591020E+01  3.87458768E-01  9.60000000E+01 -7.62803757E+01  3.96426909E-01  9.60000000E+01 -7.45360749E+01  4.66038745E-01
  9.65000000E+01 -8.59081848E+01  1.50659493E-01  9.65000000E+01 -8.09839316E+01  3.11776428E-01  9.65000000E+01 -7.65786647E+01  3.59903785E-01  9.65000000E+01 -7.44516275E+01  3.72902971E-01
  9.70000000E+01 -8.57779244E+01  1.61283453E-01  9.70000000E+01 -8.04456985E+01  3.05269490E-01  9.70000000E+01 -7.69307419E+01  3.35237397E-01  9.70000000E+01 -7.37745328E+01  3.99303530E-01
  9.75000000E+01 -8.57464157E+01  1.61146312E-01  9.75000000E+01 -8.01040835E+01  3.15435112E-01  9.75000000E+01 -7.68894627E+01  4.17554839E-01  9.75000000E+01 -7.29971109E+01  4.77026007E-01
  9.80000000E+01 -8.58186898E+01  1.61224298E-01  9.80000000E+01 -8.02158628E+01  4.08064475E-01  9.80000000E+01 -7.68121848E+01  3.68643079E-01  9.80000000E+01 -7.29297130E+01  3.95029069E-01
  9.85000000E+01 -8.59493917E+01  1.38519505E-01  9.85000000E+01 -8.02807717E+01  3.07692370E-01  9.85000000E+01 -7.67571358E+01  3.30435041E-01  9.85000000E+01 -7.32951016E+01  4.01693612E-01
  9.90000000E+01 -8.59902711E+01  1.45525516E-01  9.90000000E+01 -8.08711471E+01  2.95287720E-01  9.90000000E+01 -7.63902314E+01  4.11297296E-01  9.90000000E+01 -7.42574257E+01  4.86748765E-01
  9.95000000E+01 -8.58841323E+01  1.47316863E-01  9.95000000E+01 -8.09589872E+01  3.73792787E-01  9.95000000E+01 -7.63401694E+01  3.80316512E-01  9.95000000E+01 -7.45980688E+01  4.45627939E-01
