#                   T = 0.50                                        T = 1.00                                        T = 1.50                                        T = 2.00                    
#          r [Å]            g(r)           Δg(r)           r [Å]            g(r)           Δg(r)           r [Å]            g(r)           Δg(r)           r [Å]            g(r)           Δg(r)
  0.00000000E+00  0.00000000E+00  0.00000000E+00  0.00000000E+00  0.00000000E+00  0.00000000E+00  0.00000000E+00  0.00000000E+00  0.00000000E+00  0.00000000E+00  2.45575996E-08  2.68271998E-08
  1.00000000E+00  2.12615041E-03  1.41646266E-05  1.00000000E+00  2.14573120E-03  1.02361736E-05  1.00000000E+00  2.15222039E-03  8.53813277E-06  1.00000000E+00  2.16332078E-03  9.58660534E-06
  2.00000000E+00  9.82276783E-01  3.25732750E-04  2.00000000E+00  9.82513863E-01  2.06256092E-04  2.00000000E+00  9.82914330E-01  1.84382683E-04  2.00000000E+00  9.84916517E-01  9.64383844E-04
  3.00000000E+00  1.94562104E+00  5.63724483E-04  3.00000000E+00  1.94474431E+00  3.45227500E-04  3.00000000E+00  1.94435994E+00  3.22478216E-04  3.00000000E+00  1.94211094E+00  7.40446569E-04
  4.00000000E+00  3.93824951E-01  2.50773217E-04  4.00000000E+00  3.94372642E-01  1.64926536E-04  4.00000000E+00  3.94256719E-01  1.39072225E-04  4.00000000E+00  3.93704427E-01  8.17102381E-04
  5.00000000E+00  5.20268476E-01  5.58107326E-04  5.00000000E+00  5.20961355E-01  3.02789906E-04  5.00000000E+00  5.22329720E-01  2.94943677E-04  5.00000000E+00  5.25829317E-01  1.33028245E-03
  6.00000000E+00  1.83856596E+00  7.52458597E-04  6.00000000E+00  1.83735385E+00  4.07223652E-04  6.00000000E+00  1.83571421E+00  4.22697341E-04  6.00000000E+00  1.83390876E+00  5.54729465E-04
  7.00000000E+00  9.00005832E-01  3.19492076E-04  7.00000000E+00  9.00237490E-01  2.61459282E-04  7.00000000E+00  8.99870107E-01  2.19063385E-04  7.00000000E+00  8.96546117E-01  1.98128414E-03
  8.00000000E+00  3.26860972E-01  7.42548638E-04  8.00000000E+00  3.27608700E-01  4.60413105E-04  8.00000000E+00  3.29956307E-01  4.15792643E-04  8.00000000E+00  3.34910843E-01  1.07973578E-03
  9.00000000E+00  1.45861440E+00  5.81541440E-04  9.00000000E+00  1.45828225E+00  3.43616278E-04  9.00000000E+00  1.45747604E+00  3.58601414E-04  9.00000000E+00  1.45888830E+00  1.87568397E-03
  1.00000000E+01  1.36209481E+00  7.81478087E-04  1.00000000E+01  1.36128504E+00  6.28272368E-04  1.00000000E+01  1.35844467E+00  4.82484638E-04  1.00000000E+01  1.34987983E+00  2.78031701E-03
  1.10000000E+01  3.63644999E-01  9.20595438E-04  1.10000000E+01  3.64679740E-01  6.05299514E-04  1.10000000E+01  3.67793407E-01  4.77214261E-04  1.10000000E+01  3.73369387E-01  5.33932007E-04
  1.20000000E+01  1.01035245E+00  4.51208981E-04  1.20000000E+01  1.01123126E+00  3.52167479E-04  1.20000000E+01  1.01284628E+00  3.87561213E-04  1.20000000E+01  1.02017679E+00  3.14902802E-03
  1.30000000E+01  1.62192338E+00  1.38539271E-03  1.30000000E+01  1.61935562E+00  9.70298635E-04  1.30000000E+01  1.61387753E+00  8.79120662E-04  1.30000000E+01  1.60027672E+00  2.58711791E-03
  1.40000000E+01  6.00740673E-01  8.21297831E-04  1.40000000E+01  6.02108850E-01  5.01217231E-04  1.40000000E+01  6.04610670E-01  4.26164088E-04  1.40000000E+01  6.07320367E-01  1.57388152E-03
  1.50000000E+01  6.44831695E-01  1.02547773E-03  1.50000000E+01  6.46407324E-01  7.48263899E-04  1.50000000E+01  6.51198237E-01  6.98300849E-04  1.50000000E+01  6.64562785E-01  3.61058106E-03
  1.60000000E+01  1.60550565E+00  1.55461354E-03  1.60000000E+01  1.60311569E+00  1.03479690E-03  1.60000000E+01  1.59656682E+00  9.47617788E-04  1.60000000E+01  1.58359629E+00  1.28550006E-03
  1.70000000E+01  9.61933026E-01  5.45321654E-04  1.70000000E+01  9.62206789E-01  3.96198129E-04  1.70000000E+01  9.61594583E-01  3.53686112E-04  1.70000000E+01  9.56150188E-01  3.16061607E-03
  1.80000000E+01  4.51546040E-01  1.49155902E-03  1.80000000E+01  4.53300828E-01  1.03522002E-03  1.80000000E+01  4.60803272E-01  9.70985435E-04  1.80000000E+01  4.78342126E-01  3.05176092E-03
  1.90000000E+01  1.35752014E+00  9.70963939E-04  1.90000000E+01  1.35695614E+00  6.25489534E-04  1.90000000E+01  1.35317415E+00  6.24235624E-04  1.90000000E+01  1.34837722E+00  1.65179876E-03
  2.00000000E+01  1.31859518E+00  1.42019153E-03  2.00000000E+01  1.31638256E+00  9.31575283E-04  2.00000000E+01  1.30984786E+00  8.99096052E-04  2.00000000E+01  1.29271842E+00  4.31689947E-03
  2.10000000E+01  4.62935502E-01  1.68720303E-03  2.10000000E+01  4.65367774E-01  1.06778674E-03  2.10000000E+01  4.73783162E-01  1.05586982E-03  2.10000000E+01  4.90967909E-01  1.64090237E-03
  2.20000000E+01  1.00451763E+00  7.64160362E-04  2.20000000E+01  1.00542482E+00  5.23395737E-04  2.20000000E+01  1.00796905E+00  5.30085868E-04  2.20000000E+01  1.01608219E+00  3.68858276E-03
  2.30000000E+01  1.53297949E+00  2.30821729E-03  2.30000000E+01  1.52914855E+00  1.42098468E-03  2.30000000E+01  1.51720177E+00  1.46095878E-03  2.30000000E+01  1.49122803E+00  4.23520570E-03
  2.40000000E+01  6.62046451E-01  1.25885703E-03  2.40000000E+01  6.64394519E-01  7.72435011E-04  2.40000000E+01  6.70113827E-01  8.28372068E-04  2.40000000E+01  6.80087332E-01  1.23108580E-03
  2.50000000E+01  6.85544636E-01  1.68229684E-03  2.50000000E+01  6.88053187E-01  1.04388888E-03  2.50000000E+01  6.97160904E-01  1.05705153E-03  2.50000000E+01  7.18054412E-01  4.92915830E-03
  2.60000000E+01  1.52704359E+00  2.42299769E-03  2.60000000E+01  1.52286900E+00  1.49160220E-03  2.60000000E+01  1.51014814E+00  1.56958493E-03  2.60000000E+01  1.48513549E+00  2.75821880E-03
  2.70000000E+01  9.78240076E-01  6.70805840E-04  2.70000000E+01  9.78144802E-01  5.02585935E-04  2.70000000E+01  9.77607917E-01  5.70346356E-04  2.70000000E+01  9.72954104E-01  3.33258958E-03
  2.80000000E+01  5.03758542E-01  2.34081985E-03  2.80000000E+01  5.08451259E-01  1.49625384E-03  2.80000000E+01  5.21710258E-01  1.44470213E-03  2.80000000E+01  5.49911209E-01  4.83348240E-03
  2.90000000E+01  1.31803177E+00  1.46219917E-03  2.90000000E+01  1.31467256E+00  1.00673462E-03  2.90000000E+01  1.30752921E+00  1.05116906E-03  2.90000000E+01  1.29534718E+00  9.95185385E-04
  3.00000000E+01  1.29579324E+00  1.91228599E-03  3.00000000E+01  1.29294265E+00  1.15446473E-03  3.00000000E+01  1.28306783E+00  1.08198701E-03  3.00000000E+01  1.26026439E+00  5.03665677E-03
  3.10000000E+01  5.08841389E-01  2.46261486E-03  3.10000000E+01  5.13972608E-01  1.56031321E-03  3.10000000E+01  5.27460183E-01  1.50238360E-03  3.10000000E+01  5.54951590E-01  3.34972174E-03
  3.20000000E+01  1.00036470E+00  8.65087252E-04  3.20000000E+01  1.00141913E+00  5.56425792E-04  3.20000000E+01  1.00383975E+00  6.12861367E-04  3.20000000E+01  1.01057266E+00  3.10724744E-03
  3.30000000E+01  1.49353717E+00  3.08959189E-03  3.30000000E+01  1.48602066E+00  1.76154153E-03  3.30000000E+01  1.46949824E+00  1.81232656E-03  3.30000000E+01  1.43489599E+00  5.54247885E-03
  3.40000000E+01  6.90522824E-01  1.75797551E-03  3.40000000E+01  6.95000602E-01  1.09190697E-03  3.40000000E+01  7.03663416E-01  1.13837999E-03  3.40000000E+01  7.20312647E-01  1.14588896E-03
  3.50000000E+01  7.02661581E-01  2.14197075E-03  3.50000000E+01  7.07626026E-01  1.18866199E-03  3.50000000E+01  7.19197364E-01  1.26108075E-03  3.50000000E+01  7.43631103E-01  5.23117691E-03
  3.60000000E+01  1.49208382E+00  3.22245375E-03  3.60000000E+01  1.48324402E+00  1.75629542E-03  3.60000000E+01  1.46666412E+00  1.91195390E-03  3.60000000E+01  1.43324507E+00  4.48402012E-03
  3.70000000E+01  9.85718647E-01  8.48813653E-04  3.70000000E+01  9.87319090E-01  6.06379894E-04  3.70000000E+01  9.86244600E-01  6.15315842E-04  3.70000000E+01  9.83788311E-01  2.34242790E-03
  3.80000000E+01  5.28385825E-01  3.09785685E-03  3.80000000E+01  5.35162431E-01  1.79868955E-03  3.80000000E+01  5.52338436E-01  1.83531452E-03  3.80000000E+01  5.86910980E-01  5.96449286E-03
  3.90000000E+01  1.29741350E+00  1.98804987E-03  3.90000000E+01  1.29239450E+00  1.16115682E-03  3.90000000E+01  1.28324668E+00  1.19282054E-03  3.90000000E+01  1.26460484E+00  1.98896569E-03
  4.00000000E+01  1.28733813E+00  2.16952407E-03  4.00000000E+01  1.28346069E+00  1.36171675E-03  4.00000000E+01  1.27103378E+00  1.40297254E-03  4.00000000E+01  1.24689398E+00  4.75207199E-03
  4.10000000E+01  5.30302556E-01  3.14181598E-03  4.10000000E+01  5.37399939E-01  1.84712907E-03  4.10000000E+01  5.54677473E-01  1.86188356E-03  4.10000000E+01  5.88815487E-01  5.02072322E-03
  4.20000000E+01  9.96454935E-01  7.02585309E-04  4.20000000E+01  9.96928879E-01  5.98212342E-04  4.20000000E+01  9.98931413E-01  5.47978838E-04  4.20000000E+01  1.00280247E+00  1.51892457E-03
  4.30000000E+01  1.47650164E+00  3.78523382E-03  4.30000000E+01  1.46798481E+00  2.25073307E-03  4.30000000E+01  1.44838970E+00  2.22413492E-03  4.30000000E+01  1.40969182E+00  6.04586946E-03
  4.40000000E+01  7.04953443E-01  2.22620504E-03  4.40000000E+01  7.10113101E-01  1.30044078E-03  4.40000000E+01  7.21063199E-01  1.25028945E-03  4.40000000E+01  7.42916256E-01  2.69561710E-03
  4.50000000E+01  7.08296253E-01  2.37383850E-03  4.50000000E+01  7.13420518E-01  1.46673086E-03  4.50000000E+01  7.26469037E-01  1.44247184E-03  4.50000000E+01  7.51021963E-01  4.37005498E-03
  4.60000000E+01  1.47580637E+00  3.80053179E-03  4.60000000E+01  1.46736284E+00  2.26132131E-03  4.60000000E+01  1.44710591E+00  2.20258914E-03  4.60000000E+01  1.40910674E+00  5.69690037E-03
  4.70000000E+01  9.92268205E-01  3.98676702E-04  4.70000000E+01  9.92927419E-01  2.62434437E-04  4.70000000E+01  9.93340387E-01  2.02006630E-04  4.70000000E+01  9.93596022E-01  6.45798038E-04
  4.80000000E+01  5.36139714E-01  3.46877968E-03  4.80000000E+01  5.43484639E-01  2.09905153E-03  4.80000000E+01  5.62922080E-01  2.05172908E-03  4.80000000E+01  5.99654647E-01  6.12137131E-03
  4.90000000E+01  1.28799911E+00  2.18927157E-03  4.90000000E+01  1.28337227E+00  1.31066309E-03  4.90000000E+01  1.27116844E+00  1.28845037E-03  4.90000000E+01  1.24844383E+00  3.64587025E-03
