# PIMCID: 031c5df5-2122-4874-ad61-2cw3p0dR0p00
#    Number Bins
            7022
            7659
            7659
            7659
            6348
            6399
            6399
            7612
            3860
            7659
            7659
            7659
            7659
            7659
            7659
            7659
            7659
            7659
            7659
            7177
            7659
             379
            7659
            7659
            7659
            7659
            7659
            7659
            7659
            7659
            7659
            7659
            5506
            7659
            7659
            5754
            7659
            7659
            7659
            7659
            7659
            7659
            3556
            3556
            3556
            7659
            4187
            1554
            5247
            7659
            6504
            6292
            7659
            7659
            7659
            7659
            7637
            7027
            7278
            7659
            7659
            1628
            7659
            1244
            7659
            7214
            7594
            5138
            7659
            7659
            7659
            1637
            7659
            1184
            7659
            7659
            1431
            7659
            5633
            7659
            7659
            7247
            7658
            7659
             446
            7659
            7273
            7659
            7659
            7659
            7659
            7659
