# PIMCID: 3c52133c-05a3-4268-a034-c607fe93950b
#              K               V               E            E_mu             K/N             V/N             E/N               N             N^2         density
  9.48516352E+02 -2.74376577E+03 -1.79524942E+03 -1.57924942E+03  3.16172117E+01 -9.14588592E+01 -5.98416474E+01  3.00000000E+01  9.00000000E+02  3.11813766E-02
  9.47442591E+02 -2.74259546E+03 -1.79515286E+03 -1.57915286E+03  3.15814197E+01 -9.14198485E+01 -5.98384288E+01  3.00000000E+01  9.00000000E+02  3.11813766E-02
  9.46162190E+02 -2.74365933E+03 -1.79749714E+03 -1.58149714E+03  3.15387397E+01 -9.14553110E+01 -5.99165713E+01  3.00000000E+01  9.00000000E+02  3.11813766E-02
  9.46477675E+02 -2.74318376E+03 -1.79670609E+03 -1.58070609E+03  3.15492558E+01 -9.14394588E+01 -5.98902030E+01  3.00000000E+01  9.00000000E+02  3.11813766E-02
  9.47489695E+02 -2.74300461E+03 -1.79551491E+03 -1.57951491E+03  3.15829898E+01 -9.14334870E+01 -5.98504972E+01  3.00000000E+01  9.00000000E+02  3.11813766E-02
  9.46348856E+02 -2.74426279E+03 -1.79791394E+03 -1.58191394E+03  3.15449619E+01 -9.14754264E+01 -5.99304645E+01  3.00000000E+01  9.00000000E+02  3.11813766E-02
  9.46255101E+02 -2.74378362E+03 -1.79752852E+03 -1.58152852E+03  3.15418367E+01 -9.14594540E+01 -5.99176173E+01  3.00000000E+01  9.00000000E+02  3.11813766E-02
  9.47190700E+02 -2.74339347E+03 -1.79620277E+03 -1.58020277E+03  3.15730233E+01 -9.14464491E+01 -5.98734258E+01  3.00000000E+01  9.00000000E+02  3.11813766E-02
  9.46444479E+02 -2.74277250E+03 -1.79632802E+03 -1.58032802E+03  3.15481493E+01 -9.14257499E+01 -5.98776006E+01  3.00000000E+01  9.00000000E+02  3.11813766E-02
  9.47029041E+02 -2.74264478E+03 -1.79561574E+03 -1.57961574E+03  3.15676347E+01 -9.14214928E+01 -5.98538581E+01  3.00000000E+01  9.00000000E+02  3.11813766E-02
  9.47980516E+02 -2.74321408E+03 -1.79523356E+03 -1.57923356E+03  3.15993506E+01 -9.14404692E+01 -5.98411187E+01  3.00000000E+01  9.00000000E+02  3.11813766E-02
  9.45931215E+02 -2.74361979E+03 -1.79768857E+03 -1.58168857E+03  3.15310405E+01 -9.14539928E+01 -5.99229524E+01  3.00000000E+01  9.00000000E+02  3.11813766E-02
  9.52169760E+02 -2.74433040E+03 -1.79216064E+03 -1.57616064E+03  3.17389920E+01 -9.14776801E+01 -5.97386881E+01  3.00000000E+01  9.00000000E+02  3.11813766E-02
  9.47239473E+02 -2.74382974E+03 -1.79659027E+03 -1.58059027E+03  3.15746491E+01 -9.14609914E+01 -5.98863424E+01  3.00000000E+01  9.00000000E+02  3.11813766E-02
  9.51028899E+02 -2.74502096E+03 -1.79399206E+03 -1.57799206E+03  3.17009633E+01 -9.15006986E+01 -5.97997353E+01  3.00000000E+01  9.00000000E+02  3.11813766E-02
  9.50706136E+02 -2.74377697E+03 -1.79307083E+03 -1.57707083E+03  3.16902045E+01 -9.14592323E+01 -5.97690278E+01  3.00000000E+01  9.00000000E+02  3.11813766E-02
  9.48068566E+02 -2.74386276E+03 -1.79579420E+03 -1.57979420E+03  3.16022855E+01 -9.14620921E+01 -5.98598066E+01  3.00000000E+01  9.00000000E+02  3.11813766E-02
  9.44836928E+02 -2.74390569E+03 -1.79906876E+03 -1.58306876E+03  3.14945643E+01 -9.14635231E+01 -5.99689588E+01  3.00000000E+01  9.00000000E+02  3.11813766E-02
  9.47610239E+02 -2.74328967E+03 -1.79567943E+03 -1.57967943E+03  3.15870080E+01 -9.14429888E+01 -5.98559809E+01  3.00000000E+01  9.00000000E+02  3.11813766E-02
  9.46623749E+02 -2.74456664E+03 -1.79794289E+03 -1.58194289E+03  3.15541250E+01 -9.14855545E+01 -5.99314295E+01  3.00000000E+01  9.00000000E+02  3.11813766E-02
  9.49103306E+02 -2.74275088E+03 -1.79364757E+03 -1.57764757E+03  3.16367769E+01 -9.14250293E+01 -5.97882525E+01  3.00000000E+01  9.00000000E+02  3.11813766E-02
  9.15059452E+02 -2.74365787E+03 -1.82859842E+03 -1.61259842E+03  3.05019817E+01 -9.14552625E+01 -6.09532807E+01  3.00000000E+01  9.00000000E+02  3.11813766E-02
  9.46176283E+02 -2.74330959E+03 -1.79713330E+03 -1.58113330E+03  3.15392094E+01 -9.14436529E+01 -5.99044434E+01  3.00000000E+01  9.00000000E+02  3.11813766E-02
  9.47068709E+02 -2.74354204E+03 -1.79647333E+03 -1.58047333E+03  3.15689570E+01 -9.14514013E+01 -5.98824443E+01  3.00000000E+01  9.00000000E+02  3.11813766E-02
  9.47140607E+02 -2.74383969E+03 -1.79669908E+03 -1.58069908E+03  3.15713536E+01 -9.14613230E+01 -5.98899694E+01  3.00000000E+01  9.00000000E+02  3.11813766E-02
  9.47328635E+02 -2.74399771E+03 -1.79666907E+03 -1.58066907E+03  3.15776212E+01 -9.14665903E+01 -5.98889691E+01  3.00000000E+01  9.00000000E+02  3.11813766E-02
  9.48085917E+02 -2.74387541E+03 -1.79578949E+03 -1.57978949E+03  3.16028639E+01 -9.14625136E+01 -5.98596497E+01  3.00000000E+01  9.00000000E+02  3.11813766E-02
  9.45974886E+02 -2.74420131E+03 -1.79822642E+03 -1.58222642E+03  3.15324962E+01 -9.14733769E+01 -5.99408807E+01  3.00000000E+01  9.00000000E+02  3.11813766E-02
  9.48906697E+02 -2.74353730E+03 -1.79463061E+03 -1.57863061E+03  3.16302232E+01 -9.14512434E+01 -5.98210202E+01  3.00000000E+01  9.00000000E+02  3.11813766E-02
  9.47294659E+02 -2.74385097E+03 -1.79655631E+03 -1.58055631E+03  3.15764886E+01 -9.14616990E+01 -5.98852104E+01  3.00000000E+01  9.00000000E+02  3.11813766E-02
  9.46791723E+02 -2.74424078E+03 -1.79744906E+03 -1.58144906E+03  3.15597241E+01 -9.14746927E+01 -5.99149686E+01  3.00000000E+01  9.00000000E+02  3.11813766E-02
  9.47299797E+02 -2.74432472E+03 -1.79702492E+03 -1.58102492E+03  3.15766599E+01 -9.14774905E+01 -5.99008306E+01  3.00000000E+01  9.00000000E+02  3.11813766E-02
  9.50788712E+02 -2.74444241E+03 -1.79365370E+03 -1.57765370E+03  3.16929571E+01 -9.14814137E+01 -5.97884566E+01  3.00000000E+01  9.00000000E+02  3.11813766E-02
  9.48677662E+02 -2.74356946E+03 -1.79489179E+03 -1.57889179E+03  3.16225887E+01 -9.14523152E+01 -5.98297265E+01  3.00000000E+01  9.00000000E+02  3.11813766E-02
  9.47509037E+02 -2.74423578E+03 -1.79672674E+03 -1.58072674E+03  3.15836346E+01 -9.14745258E+01 -5.98908913E+01  3.00000000E+01  9.00000000E+02  3.11813766E-02
  9.47107050E+02 -2.74365343E+03 -1.79654638E+03 -1.58054638E+03  3.15702350E+01 -9.14551145E+01 -5.98848795E+01  3.00000000E+01  9.00000000E+02  3.11813766E-02
  9.47100605E+02 -2.74368320E+03 -1.79658260E+03 -1.58058260E+03  3.15700202E+01 -9.14561068E+01 -5.98860867E+01  3.00000000E+01  9.00000000E+02  3.11813766E-02
  9.47706796E+02 -2.74319227E+03 -1.79548547E+03 -1.57948547E+03  3.15902265E+01 -9.14397423E+01 -5.98495158E+01  3.00000000E+01  9.00000000E+02  3.11813766E-02
  9.47798060E+02 -2.74343803E+03 -1.79563997E+03 -1.57963997E+03  3.15932687E+01 -9.14479344E+01 -5.98546657E+01  3.00000000E+01  9.00000000E+02  3.11813766E-02
  9.47854275E+02 -2.74410461E+03 -1.79625034E+03 -1.58025034E+03  3.15951425E+01 -9.14701537E+01 -5.98750112E+01  3.00000000E+01  9.00000000E+02  3.11813766E-02
  9.50167416E+02 -2.74439187E+03 -1.79422445E+03 -1.57822445E+03  3.16722472E+01 -9.14797289E+01 -5.98074817E+01  3.00000000E+01  9.00000000E+02  3.11813766E-02
  9.47570360E+02 -2.74363221E+03 -1.79606185E+03 -1.58006185E+03  3.15856787E+01 -9.14544071E+01 -5.98687284E+01  3.00000000E+01  9.00000000E+02  3.11813766E-02
  9.47751421E+02 -2.74430394E+03 -1.79655252E+03 -1.58055252E+03  3.15917140E+01 -9.14767980E+01 -5.98850839E+01  3.00000000E+01  9.00000000E+02  3.11813766E-02
  9.47633321E+02 -2.74429349E+03 -1.79666017E+03 -1.58066017E+03  3.15877774E+01 -9.14764498E+01 -5.98886724E+01  3.00000000E+01  9.00000000E+02  3.11813766E-02
