# PIMCID: 031c5df5-2122-4874-ad61-2cw3p0dR0p00
#              K               V               E            E_mu             K/N             V/N             E/N               N             N^2         density
  9.45335825E+02 -2.74290546E+03 -1.79756963E+03 -1.58156963E+03  3.15111942E+01 -9.14301819E+01 -5.99189877E+01  3.00000000E+01  9.00000000E+02  3.11813766E-02
  9.49751132E+02 -2.74529436E+03 -1.79554323E+03 -1.57954323E+03  3.16583711E+01 -9.15098121E+01 -5.98514410E+01  3.00000000E+01  9.00000000E+02  3.11813766E-02
  9.44733640E+02 -2.74434196E+03 -1.79960832E+03 -1.58360832E+03  3.14911213E+01 -9.14780653E+01 -5.99869440E+01  3.00000000E+01  9.00000000E+02  3.11813766E-02
  9.49812062E+02 -2.74416450E+03 -1.79435244E+03 -1.57835244E+03  3.16604021E+01 -9.14721501E+01 -5.98117481E+01  3.00000000E+01  9.00000000E+02  3.11813766E-02
  9.48503175E+02 -2.74365588E+03 -1.79515270E+03 -1.57915270E+03  3.16167725E+01 -9.14551960E+01 -5.98384235E+01  3.00000000E+01  9.00000000E+02  3.11813766E-02
  9.43873726E+02 -2.74390125E+03 -1.80002753E+03 -1.58402753E+03  3.14624575E+01 -9.14633751E+01 -6.00009176E+01  3.00000000E+01  9.00000000E+02  3.11813766E-02
  9.43873726E+02 -2.74390125E+03 -1.80002753E+03 -1.58402753E+03  3.14624575E+01 -9.14633751E+01 -6.00009176E+01  3.00000000E+01  9.00000000E+02  3.11813766E-02
  9.47850972E+02 -2.74378588E+03 -1.79593491E+03 -1.57993491E+03  3.15950324E+01 -9.14595293E+01 -5.98644969E+01  3.00000000E+01  9.00000000E+02  3.11813766E-02
  9.49341387E+02 -2.74395655E+03 -1.79461516E+03 -1.57861516E+03  3.16447129E+01 -9.14652182E+01 -5.98205053E+01  3.00000000E+01  9.00000000E+02  3.11813766E-02
  9.45608832E+02 -2.74424091E+03 -1.79863208E+03 -1.58263208E+03  3.15202944E+01 -9.14746969E+01 -5.99544025E+01  3.00000000E+01  9.00000000E+02  3.11813766E-02
  9.48373541E+02 -2.74471307E+03 -1.79633953E+03 -1.58033953E+03  3.16124514E+01 -9.14904356E+01 -5.98779843E+01  3.00000000E+01  9.00000000E+02  3.11813766E-02
  9.44601324E+02 -2.74332889E+03 -1.79872757E+03 -1.58272757E+03  3.14867108E+01 -9.14442963E+01 -5.99575855E+01  3.00000000E+01  9.00000000E+02  3.11813766E-02
  9.47504069E+02 -2.74378033E+03 -1.79627626E+03 -1.58027626E+03  3.15834690E+01 -9.14593444E+01 -5.98758754E+01  3.00000000E+01  9.00000000E+02  3.11813766E-02
  9.47049960E+02 -2.74432719E+03 -1.79727723E+03 -1.58127723E+03  3.15683320E+01 -9.14775730E+01 -5.99092410E+01  3.00000000E+01  9.00000000E+02  3.11813766E-02
  9.46652904E+02 -2.74305518E+03 -1.79640228E+03 -1.58040228E+03  3.15550968E+01 -9.14351728E+01 -5.98800760E+01  3.00000000E+01  9.00000000E+02  3.11813766E-02
  9.49098877E+02 -2.74286590E+03 -1.79376703E+03 -1.57776703E+03  3.16366292E+01 -9.14288634E+01 -5.97922342E+01  3.00000000E+01  9.00000000E+02  3.11813766E-02
  9.47502808E+02 -2.74329229E+03 -1.79578948E+03 -1.57978948E+03  3.15834269E+01 -9.14430762E+01 -5.98596493E+01  3.00000000E+01  9.00000000E+02  3.11813766E-02
  9.43427312E+02 -2.74426832E+03 -1.80084101E+03 -1.58484101E+03  3.14475771E+01 -9.14756107E+01 -6.00280336E+01  3.00000000E+01  9.00000000E+02  3.11813766E-02
  9.45048327E+02 -2.74322646E+03 -1.79817814E+03 -1.58217814E+03  3.15016109E+01 -9.14408822E+01 -5.99392713E+01  3.00000000E+01  9.00000000E+02  3.11813766E-02
  9.44065240E+02 -2.74369276E+03 -1.79962752E+03 -1.58362752E+03  3.14688413E+01 -9.14564254E+01 -5.99875840E+01  3.00000000E+01  9.00000000E+02  3.11813766E-02
  9.47745968E+02 -2.74364746E+03 -1.79590150E+03 -1.57990150E+03  3.15915323E+01 -9.14549155E+01 -5.98633832E+01  3.00000000E+01  9.00000000E+02  3.11813766E-02
  9.47697314E+02 -2.74620544E+03 -1.79850813E+03 -1.58250813E+03  3.15899105E+01 -9.15401813E+01 -5.99502709E+01  3.00000000E+01  9.00000000E+02  3.11813766E-02
  9.50578003E+02 -2.74348549E+03 -1.79290749E+03 -1.57690749E+03  3.16859334E+01 -9.14495164E+01 -5.97635830E+01  3.00000000E+01  9.00000000E+02  3.11813766E-02
  9.48589410E+02 -2.74413445E+03 -1.79554504E+03 -1.57954504E+03  3.16196470E+01 -9.14711483E+01 -5.98515013E+01  3.00000000E+01  9.00000000E+02  3.11813766E-02
  9.47548722E+02 -2.74291109E+03 -1.79536237E+03 -1.57936237E+03  3.15849574E+01 -9.14303698E+01 -5.98454124E+01  3.00000000E+01  9.00000000E+02  3.11813766E-02
  9.48469789E+02 -2.74334198E+03 -1.79487219E+03 -1.57887219E+03  3.16156596E+01 -9.14447325E+01 -5.98290729E+01  3.00000000E+01  9.00000000E+02  3.11813766E-02
  9.47366568E+02 -2.74300535E+03 -1.79563879E+03 -1.57963879E+03  3.15788856E+01 -9.14335118E+01 -5.98546262E+01  3.00000000E+01  9.00000000E+02  3.11813766E-02
  9.46824508E+02 -2.74396141E+03 -1.79713690E+03 -1.58113690E+03  3.15608169E+01 -9.14653803E+01 -5.99045634E+01  3.00000000E+01  9.00000000E+02  3.11813766E-02
  9.46214067E+02 -2.74390843E+03 -1.79769436E+03 -1.58169436E+03  3.15404689E+01 -9.14636143E+01 -5.99231454E+01  3.00000000E+01  9.00000000E+02  3.11813766E-02
  9.44665463E+02 -2.74449793E+03 -1.79983247E+03 -1.58383247E+03  3.14888488E+01 -9.14832645E+01 -5.99944157E+01  3.00000000E+01  9.00000000E+02  3.11813766E-02
  9.50091827E+02 -2.74441003E+03 -1.79431820E+03 -1.57831820E+03  3.16697276E+01 -9.14803344E+01 -5.98106068E+01  3.00000000E+01  9.00000000E+02  3.11813766E-02
  9.47491230E+02 -2.74378542E+03 -1.79629419E+03 -1.58029419E+03  3.15830410E+01 -9.14595141E+01 -5.98764732E+01  3.00000000E+01  9.00000000E+02  3.11813766E-02
  9.47368538E+02 -2.74370419E+03 -1.79633566E+03 -1.58033566E+03  3.15789513E+01 -9.14568064E+01 -5.98778552E+01  3.00000000E+01  9.00000000E+02  3.11813766E-02
  9.48450756E+02 -2.74297832E+03 -1.79452757E+03 -1.57852757E+03  3.16150252E+01 -9.14326108E+01 -5.98175856E+01  3.00000000E+01  9.00000000E+02  3.11813766E-02
  9.45580687E+02 -2.74269165E+03 -1.79711097E+03 -1.58111097E+03  3.15193562E+01 -9.14230551E+01 -5.99036989E+01  3.00000000E+01  9.00000000E+02  3.11813766E-02
  9.44908466E+02 -2.74486624E+03 -1.79995778E+03 -1.58395778E+03  3.14969489E+01 -9.14955414E+01 -5.99985926E+01  3.00000000E+01  9.00000000E+02  3.11813766E-02
  9.46513971E+02 -2.74413732E+03 -1.79762335E+03 -1.58162335E+03  3.15504657E+01 -9.14712439E+01 -5.99207782E+01  3.00000000E+01  9.00000000E+02  3.11813766E-02
  9.48019313E+02 -2.74464552E+03 -1.79662621E+03 -1.58062621E+03  3.16006438E+01 -9.14881841E+01 -5.98875403E+01  3.00000000E+01  9.00000000E+02  3.11813766E-02
  9.45426423E+02 -2.74418997E+03 -1.79876355E+03 -1.58276355E+03  3.15142141E+01 -9.14729990E+01 -5.99587849E+01  3.00000000E+01  9.00000000E+02  3.11813766E-02
  9.51730267E+02 -2.74384704E+03 -1.79211678E+03 -1.57611678E+03  3.17243422E+01 -9.14615681E+01 -5.97372258E+01  3.00000000E+01  9.00000000E+02  3.11813766E-02
  9.47882080E+02 -2.74374602E+03 -1.79586394E+03 -1.57986394E+03  3.15960693E+01 -9.14582008E+01 -5.98621315E+01  3.00000000E+01  9.00000000E+02  3.11813766E-02
  9.46040110E+02 -2.74389706E+03 -1.79785695E+03 -1.58185695E+03  3.15346703E+01 -9.14632353E+01 -5.99285650E+01  3.00000000E+01  9.00000000E+02  3.11813766E-02
  9.45485497E+02 -2.74386711E+03 -1.79838162E+03 -1.58238162E+03  3.15161832E+01 -9.14622371E+01 -5.99460539E+01  3.00000000E+01  9.00000000E+02  3.11813766E-02
  9.45485497E+02 -2.74386711E+03 -1.79838162E+03 -1.58238162E+03  3.15161832E+01 -9.14622371E+01 -5.99460539E+01  3.00000000E+01  9.00000000E+02  3.11813766E-02
  9.45485497E+02 -2.74386711E+03 -1.79838162E+03 -1.58238162E+03  3.15161832E+01 -9.14622371E+01 -5.99460539E+01  3.00000000E+01  9.00000000E+02  3.11813766E-02
  9.45909986E+02 -2.74363181E+03 -1.79772182E+03 -1.58172182E+03  3.15303329E+01 -9.14543935E+01 -5.99240606E+01  3.00000000E+01  9.00000000E+02  3.11813766E-02
  9.47911238E+02 -2.74475170E+03 -1.79684046E+03 -1.58084046E+03  3.15970413E+01 -9.14917232E+01 -5.98946820E+01  3.00000000E+01  9.00000000E+02  3.11813766E-02
  9.48257164E+02 -2.74481751E+03 -1.79656034E+03 -1.58056034E+03  3.16085721E+01 -9.14939168E+01 -5.98853447E+01  3.00000000E+01  9.00000000E+02  3.11813766E-02
  9.48262912E+02 -2.74420146E+03 -1.79593855E+03 -1.57993855E+03  3.16087637E+01 -9.14733820E+01 -5.98646183E+01  3.00000000E+01  9.00000000E+02  3.11813766E-02
  9.46800813E+02 -2.74377659E+03 -1.79697578E+03 -1.58097578E+03  3.15600271E+01 -9.14592196E+01 -5.98991925E+01  3.00000000E+01  9.00000000E+02  3.11813766E-02
  9.51427024E+02 -2.74389329E+03 -1.79246626E+03 -1.57646626E+03  3.17142341E+01 -9.14631095E+01 -5.97488754E+01  3.00000000E+01  9.00000000E+02  3.11813766E-02
  9.47767188E+02 -2.74434533E+03 -1.79657814E+03 -1.58057814E+03  3.15922396E+01 -9.14781776E+01 -5.98859380E+01  3.00000000E+01  9.00000000E+02  3.11813766E-02
  9.50147162E+02 -2.74284184E+03 -1.79269468E+03 -1.57669468E+03  3.16715721E+01 -9.14280613E+01 -5.97564892E+01  3.00000000E+01  9.00000000E+02  3.11813766E-02
  9.47286725E+02 -2.74304612E+03 -1.79575940E+03 -1.57975940E+03  3.15762242E+01 -9.14348708E+01 -5.98586466E+01  3.00000000E+01  9.00000000E+02  3.11813766E-02
  9.47198613E+02 -2.74343159E+03 -1.79623298E+03 -1.58023298E+03  3.15732871E+01 -9.14477196E+01 -5.98744325E+01  3.00000000E+01  9.00000000E+02  3.11813766E-02
  9.43683615E+02 -2.74423560E+03 -1.80055199E+03 -1.58455199E+03  3.14561205E+01 -9.14745201E+01 -6.00183996E+01  3.00000000E+01  9.00000000E+02  3.11813766E-02
  9.51427410E+02 -2.74374551E+03 -1.79231810E+03 -1.57631810E+03  3.17142470E+01 -9.14581838E+01 -5.97439368E+01  3.00000000E+01  9.00000000E+02  3.11813766E-02
  9.47948916E+02 -2.74426538E+03 -1.79631647E+03 -1.58031647E+03  3.15982972E+01 -9.14755128E+01 -5.98772156E+01  3.00000000E+01  9.00000000E+02  3.11813766E-02
  9.44970688E+02 -2.74436171E+03 -1.79939103E+03 -1.58339103E+03  3.14990229E+01 -9.14787238E+01 -5.99797009E+01  3.00000000E+01  9.00000000E+02  3.11813766E-02
  9.46385920E+02 -2.74502008E+03 -1.79863416E+03 -1.58263416E+03  3.15461973E+01 -9.15006694E+01 -5.99544721E+01  3.00000000E+01  9.00000000E+02  3.11813766E-02
  9.47559068E+02 -2.74338157E+03 -1.79582251E+03 -1.57982251E+03  3.15853023E+01 -9.14460524E+01 -5.98607502E+01  3.00000000E+01  9.00000000E+02  3.11813766E-02
  9.49723813E+02 -2.74267555E+03 -1.79295174E+03 -1.57695174E+03  3.16574604E+01 -9.14225184E+01 -5.97650580E+01  3.00000000E+01  9.00000000E+02  3.11813766E-02
  9.42869773E+02 -2.74396681E+03 -1.80109704E+03 -1.58509704E+03  3.14289924E+01 -9.14655603E+01 -6.00365678E+01  3.00000000E+01  9.00000000E+02  3.11813766E-02
  9.44011474E+02 -2.74371069E+03 -1.79969921E+03 -1.58369921E+03  3.14670491E+01 -9.14570230E+01 -5.99899738E+01  3.00000000E+01  9.00000000E+02  3.11813766E-02
  9.49120824E+02 -2.74317361E+03 -1.79405279E+03 -1.57805279E+03  3.16373608E+01 -9.14391203E+01 -5.98017595E+01  3.00000000E+01  9.00000000E+02  3.11813766E-02
  9.46404301E+02 -2.74465712E+03 -1.79825282E+03 -1.58225282E+03  3.15468100E+01 -9.14885707E+01 -5.99417606E+01  3.00000000E+01  9.00000000E+02  3.11813766E-02
  9.45512115E+02 -2.74327417E+03 -1.79776205E+03 -1.58176205E+03  3.15170705E+01 -9.14424722E+01 -5.99254018E+01  3.00000000E+01  9.00000000E+02  3.11813766E-02
  9.48435453E+02 -2.74351296E+03 -1.79507751E+03 -1.57907751E+03  3.16145151E+01 -9.14504320E+01 -5.98359169E+01  3.00000000E+01  9.00000000E+02  3.11813766E-02
  9.46149327E+02 -2.74297171E+03 -1.79682238E+03 -1.58082238E+03  3.15383109E+01 -9.14323903E+01 -5.98940794E+01  3.00000000E+01  9.00000000E+02  3.11813766E-02
  9.46149327E+02 -2.74297171E+03 -1.79682238E+03 -1.58082238E+03  3.15383109E+01 -9.14323903E+01 -5.98940794E+01  3.00000000E+01  9.00000000E+02  3.11813766E-02
  9.48173117E+02 -2.74439424E+03 -1.79622112E+03 -1.58022112E+03  3.16057706E+01 -9.14798080E+01 -5.98740374E+01  3.00000000E+01  9.00000000E+02  3.11813766E-02
  9.47186176E+02 -2.74565482E+03 -1.79846865E+03 -1.58246865E+03  3.15728725E+01 -9.15218274E+01 -5.99489549E+01  3.00000000E+01  9.00000000E+02  3.11813766E-02
  9.48404351E+02 -2.74442728E+03 -1.79602293E+03 -1.58002293E+03  3.16134784E+01 -9.14809093E+01 -5.98674310E+01  3.00000000E+01  9.00000000E+02  3.11813766E-02
  9.48203486E+02 -2.74487879E+03 -1.79667531E+03 -1.58067531E+03  3.16067829E+01 -9.14959598E+01 -5.98891769E+01  3.00000000E+01  9.00000000E+02  3.11813766E-02
  9.47106749E+02 -2.74417725E+03 -1.79707050E+03 -1.58107050E+03  3.15702250E+01 -9.14725750E+01 -5.99023500E+01  3.00000000E+01  9.00000000E+02  3.11813766E-02
  9.47106749E+02 -2.74417725E+03 -1.79707050E+03 -1.58107050E+03  3.15702250E+01 -9.14725750E+01 -5.99023500E+01  3.00000000E+01  9.00000000E+02  3.11813766E-02
  9.48268747E+02 -2.74398681E+03 -1.79571807E+03 -1.57971807E+03  3.16089582E+01 -9.14662271E+01 -5.98572689E+01  3.00000000E+01  9.00000000E+02  3.11813766E-02
  9.47519431E+02 -2.74434478E+03 -1.79682535E+03 -1.58082535E+03  3.15839810E+01 -9.14781592E+01 -5.98941782E+01  3.00000000E+01  9.00000000E+02  3.11813766E-02
  9.46755607E+02 -2.74390281E+03 -1.79714721E+03 -1.58114721E+03  3.15585202E+01 -9.14634271E+01 -5.99049069E+01  3.00000000E+01  9.00000000E+02  3.11813766E-02
  9.49224817E+02 -2.74429366E+03 -1.79506884E+03 -1.57906884E+03  3.16408272E+01 -9.14764554E+01 -5.98356282E+01  3.00000000E+01  9.00000000E+02  3.11813766E-02
  9.44961007E+02 -2.74403979E+03 -1.79907878E+03 -1.58307878E+03  3.14987002E+01 -9.14679929E+01 -5.99692927E+01  3.00000000E+01  9.00000000E+02  3.11813766E-02
  9.44751637E+02 -2.74391251E+03 -1.79916087E+03 -1.58316087E+03  3.14917212E+01 -9.14637502E+01 -5.99720290E+01  3.00000000E+01  9.00000000E+02  3.11813766E-02
  9.47745324E+02 -2.74473586E+03 -1.79699053E+03 -1.58099053E+03  3.15915108E+01 -9.14911952E+01 -5.98996844E+01  3.00000000E+01  9.00000000E+02  3.11813766E-02
  9.45579651E+02 -2.74321625E+03 -1.79763660E+03 -1.58163660E+03  3.15193217E+01 -9.14405417E+01 -5.99212200E+01  3.00000000E+01  9.00000000E+02  3.11813766E-02
  9.53313886E+02 -2.74724884E+03 -1.79393495E+03 -1.57793495E+03  3.17771295E+01 -9.15749613E+01 -5.97978317E+01  3.00000000E+01  9.00000000E+02  3.11813766E-02
  9.45163493E+02 -2.74342768E+03 -1.79826418E+03 -1.58226418E+03  3.15054498E+01 -9.14475892E+01 -5.99421394E+01  3.00000000E+01  9.00000000E+02  3.11813766E-02
  9.47470393E+02 -2.74458147E+03 -1.79711108E+03 -1.58111108E+03  3.15823464E+01 -9.14860492E+01 -5.99037027E+01  3.00000000E+01  9.00000000E+02  3.11813766E-02
  9.48622641E+02 -2.74579220E+03 -1.79716956E+03 -1.58116956E+03  3.16207547E+01 -9.15264067E+01 -5.99056520E+01  3.00000000E+01  9.00000000E+02  3.11813766E-02
  9.46219959E+02 -2.74344467E+03 -1.79722471E+03 -1.58122471E+03  3.15406653E+01 -9.14481557E+01 -5.99074904E+01  3.00000000E+01  9.00000000E+02  3.11813766E-02
  9.43577211E+02 -2.74256670E+03 -1.79898949E+03 -1.58298949E+03  3.14525737E+01 -9.14188901E+01 -5.99663164E+01  3.00000000E+01  9.00000000E+02  3.11813766E-02
  9.46548618E+02 -2.74408928E+03 -1.79754066E+03 -1.58154066E+03  3.15516206E+01 -9.14696427E+01 -5.99180221E+01  3.00000000E+01  9.00000000E+02  3.11813766E-02
  9.47376256E+02 -2.74296896E+03 -1.79559270E+03 -1.57959270E+03  3.15792085E+01 -9.14322986E+01 -5.98530900E+01  3.00000000E+01  9.00000000E+02  3.11813766E-02
