# PIMCID: 0adf14b9-6edf-4218-af01-82d3956625fc
#              K               V               E            E_mu             K/N             V/N             E/N               N             N^2         density
  9.46344148E+02 -2.74336492E+03 -1.79702077E+03 -1.58102077E+03  3.15448049E+01 -9.14454972E+01 -5.99006923E+01  3.00000000E+01  9.00000000E+02  3.11813766E-02
  9.46944147E+02 -2.74349920E+03 -1.79655506E+03 -1.58055506E+03  3.15648049E+01 -9.14499735E+01 -5.98851686E+01  3.00000000E+01  9.00000000E+02  3.11813766E-02
  9.49001047E+02 -2.74329565E+03 -1.79429461E+03 -1.57829461E+03  3.16333682E+01 -9.14431885E+01 -5.98098202E+01  3.00000000E+01  9.00000000E+02  3.11813766E-02
  9.47065948E+02 -2.74439920E+03 -1.79733325E+03 -1.58133325E+03  3.15688649E+01 -9.14799732E+01 -5.99111083E+01  3.00000000E+01  9.00000000E+02  3.11813766E-02
  9.52588426E+02 -2.74357185E+03 -1.79098343E+03 -1.57498343E+03  3.17529475E+01 -9.14523951E+01 -5.96994476E+01  3.00000000E+01  9.00000000E+02  3.11813766E-02
  9.47439174E+02 -2.74397421E+03 -1.79653503E+03 -1.58053503E+03  3.15813058E+01 -9.14658069E+01 -5.98845011E+01  3.00000000E+01  9.00000000E+02  3.11813766E-02
  9.47439174E+02 -2.74397421E+03 -1.79653503E+03 -1.58053503E+03  3.15813058E+01 -9.14658069E+01 -5.98845011E+01  3.00000000E+01  9.00000000E+02  3.11813766E-02
  9.43421963E+02 -2.74449294E+03 -1.80107098E+03 -1.58507098E+03  3.14473988E+01 -9.14830981E+01 -6.00356993E+01  3.00000000E+01  9.00000000E+02  3.11813766E-02
  9.46275386E+02 -2.74315948E+03 -1.79688409E+03 -1.58088409E+03  3.15425129E+01 -9.14386492E+01 -5.98961363E+01  3.00000000E+01  9.00000000E+02  3.11813766E-02
  9.47189560E+02 -2.74375892E+03 -1.79656936E+03 -1.58056936E+03  3.15729853E+01 -9.14586307E+01 -5.98856454E+01  3.00000000E+01  9.00000000E+02  3.11813766E-02
  9.49416464E+02 -2.74370184E+03 -1.79428538E+03 -1.57828538E+03  3.16472155E+01 -9.14567280E+01 -5.98095126E+01  3.00000000E+01  9.00000000E+02  3.11813766E-02
  9.46087814E+02 -2.74357130E+03 -1.79748349E+03 -1.58148349E+03  3.15362605E+01 -9.14523767E+01 -5.99161162E+01  3.00000000E+01  9.00000000E+02  3.11813766E-02
  9.46171174E+02 -2.74468203E+03 -1.79851085E+03 -1.58251085E+03  3.15390391E+01 -9.14894009E+01 -5.99503618E+01  3.00000000E+01  9.00000000E+02  3.11813766E-02
  9.44117635E+02 -2.74367618E+03 -1.79955854E+03 -1.58355854E+03  3.14705878E+01 -9.14558726E+01 -5.99852848E+01  3.00000000E+01  9.00000000E+02  3.11813766E-02
  9.44927862E+02 -2.74304785E+03 -1.79811999E+03 -1.58211999E+03  3.14975954E+01 -9.14349283E+01 -5.99373329E+01  3.00000000E+01  9.00000000E+02  3.11813766E-02
  9.46712442E+02 -2.74397874E+03 -1.79726629E+03 -1.58126629E+03  3.15570814E+01 -9.14659579E+01 -5.99088765E+01  3.00000000E+01  9.00000000E+02  3.11813766E-02
  9.47740205E+02 -2.74448077E+03 -1.79674056E+03 -1.58074056E+03  3.15913402E+01 -9.14826922E+01 -5.98913521E+01  3.00000000E+01  9.00000000E+02  3.11813766E-02
  9.50705812E+02 -2.74441762E+03 -1.79371180E+03 -1.57771180E+03  3.16901937E+01 -9.14805872E+01 -5.97903935E+01  3.00000000E+01  9.00000000E+02  3.11813766E-02
  9.50075587E+02 -2.74438948E+03 -1.79431389E+03 -1.57831389E+03  3.16691862E+01 -9.14796493E+01 -5.98104630E+01  3.00000000E+01  9.00000000E+02  3.11813766E-02
  9.44375658E+02 -2.74415036E+03 -1.79977470E+03 -1.58377470E+03  3.14791886E+01 -9.14716785E+01 -5.99924899E+01  3.00000000E+01  9.00000000E+02  3.11813766E-02
  9.46478371E+02 -2.74371719E+03 -1.79723882E+03 -1.58123882E+03  3.15492790E+01 -9.14572396E+01 -5.99079606E+01  3.00000000E+01  9.00000000E+02  3.11813766E-02
  9.46991153E+02 -2.74409806E+03 -1.79710690E+03 -1.58110690E+03  3.15663718E+01 -9.14699352E+01 -5.99035634E+01  3.00000000E+01  9.00000000E+02  3.11813766E-02
  9.48154539E+02 -2.74339459E+03 -1.79524006E+03 -1.57924006E+03  3.16051513E+01 -9.14464865E+01 -5.98413352E+01  3.00000000E+01  9.00000000E+02  3.11813766E-02
  9.48877922E+02 -2.74392119E+03 -1.79504327E+03 -1.57904327E+03  3.16292641E+01 -9.14640397E+01 -5.98347757E+01  3.00000000E+01  9.00000000E+02  3.11813766E-02
  9.45580098E+02 -2.74340987E+03 -1.79782977E+03 -1.58182977E+03  3.15193366E+01 -9.14469957E+01 -5.99276591E+01  3.00000000E+01  9.00000000E+02  3.11813766E-02
  9.48402060E+02 -2.74468761E+03 -1.79628555E+03 -1.58028555E+03  3.16134020E+01 -9.14895869E+01 -5.98761849E+01  3.00000000E+01  9.00000000E+02  3.11813766E-02
  9.46145082E+02 -2.74380082E+03 -1.79765574E+03 -1.58165574E+03  3.15381694E+01 -9.14600273E+01 -5.99218579E+01  3.00000000E+01  9.00000000E+02  3.11813766E-02
  9.47067602E+02 -2.74406686E+03 -1.79699926E+03 -1.58099926E+03  3.15689201E+01 -9.14688953E+01 -5.98999752E+01  3.00000000E+01  9.00000000E+02  3.11813766E-02
  9.47468112E+02 -2.74281912E+03 -1.79535101E+03 -1.57935101E+03  3.15822704E+01 -9.14273042E+01 -5.98450338E+01  3.00000000E+01  9.00000000E+02  3.11813766E-02
  9.46729186E+02 -2.74329301E+03 -1.79656383E+03 -1.58056383E+03  3.15576395E+01 -9.14431004E+01 -5.98854609E+01  3.00000000E+01  9.00000000E+02  3.11813766E-02
  9.45773118E+02 -2.74310315E+03 -1.79733003E+03 -1.58133003E+03  3.15257706E+01 -9.14367716E+01 -5.99110010E+01  3.00000000E+01  9.00000000E+02  3.11813766E-02
  9.45777944E+02 -2.74350249E+03 -1.79772455E+03 -1.58172455E+03  3.15259315E+01 -9.14500831E+01 -5.99241516E+01  3.00000000E+01  9.00000000E+02  3.11813766E-02
  9.40700391E+02 -2.74213184E+03 -1.80143145E+03 -1.58543145E+03  3.13566797E+01 -9.14043947E+01 -6.00477151E+01  3.00000000E+01  9.00000000E+02  3.11813766E-02
  9.50609113E+02 -2.74471177E+03 -1.79410266E+03 -1.57810266E+03  3.16869704E+01 -9.14903923E+01 -5.98034219E+01  3.00000000E+01  9.00000000E+02  3.11813766E-02
  9.46939960E+02 -2.74335338E+03 -1.79641342E+03 -1.58041342E+03  3.15646653E+01 -9.14451125E+01 -5.98804472E+01  3.00000000E+01  9.00000000E+02  3.11813766E-02
  9.45128051E+02 -2.74324042E+03 -1.79811237E+03 -1.58211237E+03  3.15042684E+01 -9.14413475E+01 -5.99370791E+01  3.00000000E+01  9.00000000E+02  3.11813766E-02
  9.49276214E+02 -2.74415096E+03 -1.79487474E+03 -1.57887474E+03  3.16425405E+01 -9.14716986E+01 -5.98291581E+01  3.00000000E+01  9.00000000E+02  3.11813766E-02
  9.49990690E+02 -2.74399749E+03 -1.79400680E+03 -1.57800680E+03  3.16663563E+01 -9.14665829E+01 -5.98002266E+01  3.00000000E+01  9.00000000E+02  3.11813766E-02
  9.47497066E+02 -2.74325128E+03 -1.79575422E+03 -1.57975422E+03  3.15832355E+01 -9.14417095E+01 -5.98584739E+01  3.00000000E+01  9.00000000E+02  3.11813766E-02
  9.49721771E+02 -2.74384343E+03 -1.79412166E+03 -1.57812166E+03  3.16573924E+01 -9.14614476E+01 -5.98040552E+01  3.00000000E+01  9.00000000E+02  3.11813766E-02
  9.48155425E+02 -2.74399505E+03 -1.79583963E+03 -1.57983963E+03  3.16051808E+01 -9.14665017E+01 -5.98613209E+01  3.00000000E+01  9.00000000E+02  3.11813766E-02
  9.49704831E+02 -2.74303098E+03 -1.79332615E+03 -1.57732615E+03  3.16568277E+01 -9.14343660E+01 -5.97775383E+01  3.00000000E+01  9.00000000E+02  3.11813766E-02
  9.48185400E+02 -2.74387014E+03 -1.79568474E+03 -1.57968474E+03  3.16061800E+01 -9.14623380E+01 -5.98561580E+01  3.00000000E+01  9.00000000E+02  3.11813766E-02
  9.48144925E+02 -2.74420006E+03 -1.79605513E+03 -1.58005513E+03  3.16048308E+01 -9.14733353E+01 -5.98685045E+01  3.00000000E+01  9.00000000E+02  3.11813766E-02
  9.48942056E+02 -2.74414782E+03 -1.79520576E+03 -1.57920576E+03  3.16314019E+01 -9.14715939E+01 -5.98401920E+01  3.00000000E+01  9.00000000E+02  3.11813766E-02
  9.48587685E+02 -2.74421372E+03 -1.79562603E+03 -1.57962603E+03  3.16195895E+01 -9.14737906E+01 -5.98542011E+01  3.00000000E+01  9.00000000E+02  3.11813766E-02
  9.44668986E+02 -2.74342038E+03 -1.79875139E+03 -1.58275139E+03  3.14889662E+01 -9.14473460E+01 -5.99583798E+01  3.00000000E+01  9.00000000E+02  3.11813766E-02
  9.49414153E+02 -2.74343907E+03 -1.79402492E+03 -1.57802492E+03  3.16471384E+01 -9.14479691E+01 -5.98008307E+01  3.00000000E+01  9.00000000E+02  3.11813766E-02
  9.44579282E+02 -2.74374832E+03 -1.79916904E+03 -1.58316904E+03  3.14859761E+01 -9.14582774E+01 -5.99723014E+01  3.00000000E+01  9.00000000E+02  3.11813766E-02
  9.49479880E+02 -2.74459603E+03 -1.79511615E+03 -1.57911615E+03  3.16493293E+01 -9.14865343E+01 -5.98372050E+01  3.00000000E+01  9.00000000E+02  3.11813766E-02
  9.47880735E+02 -2.74467443E+03 -1.79679369E+03 -1.58079369E+03  3.15960245E+01 -9.14891476E+01 -5.98931231E+01  3.00000000E+01  9.00000000E+02  3.11813766E-02
  9.51368271E+02 -2.74389860E+03 -1.79253033E+03 -1.57653033E+03  3.17122757E+01 -9.14632866E+01 -5.97510109E+01  3.00000000E+01  9.00000000E+02  3.11813766E-02
  9.47176391E+02 -2.74413073E+03 -1.79695434E+03 -1.58095434E+03  3.15725464E+01 -9.14710243E+01 -5.98984780E+01  3.00000000E+01  9.00000000E+02  3.11813766E-02
  9.49142905E+02 -2.74297979E+03 -1.79383688E+03 -1.57783688E+03  3.16380968E+01 -9.14326596E+01 -5.97945628E+01  3.00000000E+01  9.00000000E+02  3.11813766E-02
  9.46026540E+02 -2.74362216E+03 -1.79759562E+03 -1.58159562E+03  3.15342180E+01 -9.14540720E+01 -5.99198539E+01  3.00000000E+01  9.00000000E+02  3.11813766E-02
  9.45302166E+02 -2.74413790E+03 -1.79883574E+03 -1.58283574E+03  3.15100722E+01 -9.14712634E+01 -5.99611912E+01  3.00000000E+01  9.00000000E+02  3.11813766E-02
  9.45409365E+02 -2.74260052E+03 -1.79719116E+03 -1.58119116E+03  3.15136455E+01 -9.14200174E+01 -5.99063719E+01  3.00000000E+01  9.00000000E+02  3.11813766E-02
  9.48526673E+02 -2.74442836E+03 -1.79590168E+03 -1.57990168E+03  3.16175558E+01 -9.14809452E+01 -5.98633895E+01  3.00000000E+01  9.00000000E+02  3.11813766E-02
  9.48526673E+02 -2.74442836E+03 -1.79590168E+03 -1.57990168E+03  3.16175558E+01 -9.14809452E+01 -5.98633895E+01  3.00000000E+01  9.00000000E+02  3.11813766E-02
  9.46461246E+02 -2.74338903E+03 -1.79692779E+03 -1.58092779E+03  3.15487082E+01 -9.14463011E+01 -5.98975929E+01  3.00000000E+01  9.00000000E+02  3.11813766E-02
  9.50406848E+02 -2.74397176E+03 -1.79356491E+03 -1.57756491E+03  3.16802283E+01 -9.14657252E+01 -5.97854969E+01  3.00000000E+01  9.00000000E+02  3.11813766E-02
  9.46401243E+02 -2.74318020E+03 -1.79677896E+03 -1.58077896E+03  3.15467081E+01 -9.14393401E+01 -5.98926320E+01  3.00000000E+01  9.00000000E+02  3.11813766E-02
  9.47060887E+02 -2.74330804E+03 -1.79624715E+03 -1.58024715E+03  3.15686962E+01 -9.14436013E+01 -5.98749050E+01  3.00000000E+01  9.00000000E+02  3.11813766E-02
  9.52471828E+02 -2.74427336E+03 -1.79180153E+03 -1.57580153E+03  3.17490609E+01 -9.14757787E+01 -5.97267177E+01  3.00000000E+01  9.00000000E+02  3.11813766E-02
  9.48591075E+02 -2.74337025E+03 -1.79477917E+03 -1.57877917E+03  3.16197025E+01 -9.14456749E+01 -5.98259723E+01  3.00000000E+01  9.00000000E+02  3.11813766E-02
  9.48216428E+02 -2.74405443E+03 -1.79583800E+03 -1.57983800E+03  3.16072143E+01 -9.14684809E+01 -5.98612666E+01  3.00000000E+01  9.00000000E+02  3.11813766E-02
  9.50852842E+02 -2.74377616E+03 -1.79292332E+03 -1.57692332E+03  3.16950947E+01 -9.14592054E+01 -5.97641107E+01  3.00000000E+01  9.00000000E+02  3.11813766E-02
  9.44250879E+02 -2.74443089E+03 -1.80018001E+03 -1.58418001E+03  3.14750293E+01 -9.14810297E+01 -6.00060004E+01  3.00000000E+01  9.00000000E+02  3.11813766E-02
  9.48147592E+02 -2.74501777E+03 -1.79687018E+03 -1.58087018E+03  3.16049197E+01 -9.15005923E+01 -5.98956725E+01  3.00000000E+01  9.00000000E+02  3.11813766E-02
  9.45249424E+02 -2.74306978E+03 -1.79782035E+03 -1.58182035E+03  3.15083141E+01 -9.14356592E+01 -5.99273451E+01  3.00000000E+01  9.00000000E+02  3.11813766E-02
  9.45598152E+02 -2.74418465E+03 -1.79858650E+03 -1.58258650E+03  3.15199384E+01 -9.14728218E+01 -5.99528833E+01  3.00000000E+01  9.00000000E+02  3.11813766E-02
  9.48950252E+02 -2.74342312E+03 -1.79447286E+03 -1.57847286E+03  3.16316751E+01 -9.14474372E+01 -5.98157622E+01  3.00000000E+01  9.00000000E+02  3.11813766E-02
  9.44173904E+02 -2.74287324E+03 -1.79869934E+03 -1.58269934E+03  3.14724635E+01 -9.14291082E+01 -5.99566447E+01  3.00000000E+01  9.00000000E+02  3.11813766E-02
  9.46312099E+02 -2.74363619E+03 -1.79732409E+03 -1.58132409E+03  3.15437366E+01 -9.14545397E+01 -5.99108030E+01  3.00000000E+01  9.00000000E+02  3.11813766E-02
  9.48305139E+02 -2.74413370E+03 -1.79582857E+03 -1.57982857E+03  3.16101713E+01 -9.14711235E+01 -5.98609522E+01  3.00000000E+01  9.00000000E+02  3.11813766E-02
  9.49494946E+02 -2.74450564E+03 -1.79501070E+03 -1.57901070E+03  3.16498316E+01 -9.14835214E+01 -5.98336899E+01  3.00000000E+01  9.00000000E+02  3.11813766E-02
  9.48076109E+02 -2.74412329E+03 -1.79604718E+03 -1.58004718E+03  3.16025370E+01 -9.14707764E+01 -5.98682395E+01  3.00000000E+01  9.00000000E+02  3.11813766E-02
  9.47707847E+02 -2.74491566E+03 -1.79720781E+03 -1.58120781E+03  3.15902616E+01 -9.14971887E+01 -5.99069271E+01  3.00000000E+01  9.00000000E+02  3.11813766E-02
  9.47765707E+02 -2.74253123E+03 -1.79476552E+03 -1.57876552E+03  3.15921902E+01 -9.14177076E+01 -5.98255173E+01  3.00000000E+01  9.00000000E+02  3.11813766E-02
  9.47178863E+02 -2.74394735E+03 -1.79676849E+03 -1.58076849E+03  3.15726288E+01 -9.14649118E+01 -5.98922831E+01  3.00000000E+01  9.00000000E+02  3.11813766E-02
  9.45971431E+02 -2.74387764E+03 -1.79790621E+03 -1.58190621E+03  3.15323810E+01 -9.14625880E+01 -5.99302070E+01  3.00000000E+01  9.00000000E+02  3.11813766E-02
  9.46533912E+02 -2.74318964E+03 -1.79665573E+03 -1.58065573E+03  3.15511304E+01 -9.14396546E+01 -5.98885242E+01  3.00000000E+01  9.00000000E+02  3.11813766E-02
  9.50040723E+02 -2.74294052E+03 -1.79289979E+03 -1.57689979E+03  3.16680241E+01 -9.14313506E+01 -5.97633265E+01  3.00000000E+01  9.00000000E+02  3.11813766E-02
  9.48702121E+02 -2.74449690E+03 -1.79579478E+03 -1.57979478E+03  3.16234040E+01 -9.14832300E+01 -5.98598260E+01  3.00000000E+01  9.00000000E+02  3.11813766E-02
  9.46568966E+02 -2.74365845E+03 -1.79708948E+03 -1.58108948E+03  3.15522989E+01 -9.14552815E+01 -5.99029827E+01  3.00000000E+01  9.00000000E+02  3.11813766E-02
  9.50737026E+02 -2.74488557E+03 -1.79414854E+03 -1.57814854E+03  3.16912342E+01 -9.14961856E+01 -5.98049514E+01  3.00000000E+01  9.00000000E+02  3.11813766E-02
  9.48788952E+02 -2.74471738E+03 -1.79592843E+03 -1.57992843E+03  3.16262984E+01 -9.14905794E+01 -5.98642809E+01  3.00000000E+01  9.00000000E+02  3.11813766E-02
  9.51857066E+02 -2.74396600E+03 -1.79210894E+03 -1.57610894E+03  3.17285689E+01 -9.14655334E+01 -5.97369646E+01  3.00000000E+01  9.00000000E+02  3.11813766E-02
  9.47270298E+02 -2.74397525E+03 -1.79670495E+03 -1.58070495E+03  3.15756766E+01 -9.14658417E+01 -5.98901651E+01  3.00000000E+01  9.00000000E+02  3.11813766E-02
  9.47776664E+02 -2.74384295E+03 -1.79606629E+03 -1.58006629E+03  3.15925555E+01 -9.14614318E+01 -5.98688764E+01  3.00000000E+01  9.00000000E+02  3.11813766E-02
  9.19256625E+02 -2.74673662E+03 -1.82747999E+03 -1.61147999E+03  3.06418875E+01 -9.15578873E+01 -6.09159998E+01  3.00000000E+01  9.00000000E+02  3.11813766E-02
  9.46169823E+02 -2.74390188E+03 -1.79773205E+03 -1.58173205E+03  3.15389941E+01 -9.14633959E+01 -5.99244018E+01  3.00000000E+01  9.00000000E+02  3.11813766E-02
  9.48296504E+02 -2.74393147E+03 -1.79563497E+03 -1.57963497E+03  3.16098834E+01 -9.14643824E+01 -5.98544989E+01  3.00000000E+01  9.00000000E+02  3.11813766E-02
  9.46290219E+02 -2.74470957E+03 -1.79841935E+03 -1.58241935E+03  3.15430073E+01 -9.14903190E+01 -5.99473117E+01  3.00000000E+01  9.00000000E+02  3.11813766E-02
  9.45807116E+02 -2.74334999E+03 -1.79754287E+03 -1.58154287E+03  3.15269039E+01 -9.14449995E+01 -5.99180957E+01  3.00000000E+01  9.00000000E+02  3.11813766E-02
  9.48039832E+02 -2.74353360E+03 -1.79549376E+03 -1.57949376E+03  3.16013277E+01 -9.14511198E+01 -5.98497921E+01  3.00000000E+01  9.00000000E+02  3.11813766E-02
  9.49607730E+02 -2.74340179E+03 -1.79379406E+03 -1.57779406E+03  3.16535910E+01 -9.14467263E+01 -5.97931353E+01  3.00000000E+01  9.00000000E+02  3.11813766E-02
  9.53598953E+02 -2.74387402E+03 -1.79027506E+03 -1.57427506E+03  3.17866318E+01 -9.14624672E+01 -5.96758354E+01  3.00000000E+01  9.00000000E+02  3.11813766E-02
  9.48041746E+02 -2.74412290E+03 -1.79608116E+03 -1.58008116E+03  3.16013915E+01 -9.14707634E+01 -5.98693719E+01  3.00000000E+01  9.00000000E+02  3.11813766E-02
  9.48241181E+02 -2.74397094E+03 -1.79572976E+03 -1.57972976E+03  3.16080394E+01 -9.14656981E+01 -5.98576587E+01  3.00000000E+01  9.00000000E+02  3.11813766E-02
  9.35456777E+02 -2.74488465E+03 -1.80942787E+03 -1.59342787E+03  3.11818926E+01 -9.14961549E+01 -6.03142624E+01  3.00000000E+01  9.00000000E+02  3.11813766E-02
  9.47692195E+02 -2.74400820E+03 -1.79631600E+03 -1.58031600E+03  3.15897398E+01 -9.14669399E+01 -5.98772001E+01  3.00000000E+01  9.00000000E+02  3.11813766E-02
  9.44455686E+02 -2.74369625E+03 -1.79924057E+03 -1.58324057E+03  3.14818562E+01 -9.14565417E+01 -5.99746855E+01  3.00000000E+01  9.00000000E+02  3.11813766E-02
  9.45718345E+02 -2.74392991E+03 -1.79821156E+03 -1.58221156E+03  3.15239448E+01 -9.14643303E+01 -5.99403855E+01  3.00000000E+01  9.00000000E+02  3.11813766E-02
  9.47755148E+02 -2.74363675E+03 -1.79588160E+03 -1.57988160E+03  3.15918383E+01 -9.14545584E+01 -5.98627201E+01  3.00000000E+01  9.00000000E+02  3.11813766E-02
  9.47478498E+02 -2.74344721E+03 -1.79596872E+03 -1.57996872E+03  3.15826166E+01 -9.14482404E+01 -5.98656238E+01  3.00000000E+01  9.00000000E+02  3.11813766E-02
  9.47644848E+02 -2.74449134E+03 -1.79684649E+03 -1.58084649E+03  3.15881616E+01 -9.14830447E+01 -5.98948831E+01  3.00000000E+01  9.00000000E+02  3.11813766E-02
  9.46399729E+02 -2.74357912E+03 -1.79717939E+03 -1.58117939E+03  3.15466576E+01 -9.14526372E+01 -5.99059795E+01  3.00000000E+01  9.00000000E+02  3.11813766E-02
  9.52246477E+02 -2.74364645E+03 -1.79139998E+03 -1.57539998E+03  3.17415492E+01 -9.14548818E+01 -5.97133326E+01  3.00000000E+01  9.00000000E+02  3.11813766E-02
  9.40800779E+02 -2.74332331E+03 -1.80252253E+03 -1.58652253E+03  3.13600260E+01 -9.14441105E+01 -6.00840845E+01  3.00000000E+01  9.00000000E+02  3.11813766E-02
  9.48444240E+02 -2.74315721E+03 -1.79471297E+03 -1.57871297E+03  3.16148080E+01 -9.14385735E+01 -5.98237655E+01  3.00000000E+01  9.00000000E+02  3.11813766E-02
  9.49722455E+02 -2.74515178E+03 -1.79542932E+03 -1.57942932E+03  3.16574152E+01 -9.15050593E+01 -5.98476441E+01  3.00000000E+01  9.00000000E+02  3.11813766E-02
  9.44691825E+02 -2.74352824E+03 -1.79883641E+03 -1.58283641E+03  3.14897275E+01 -9.14509412E+01 -5.99612137E+01  3.00000000E+01  9.00000000E+02  3.11813766E-02
  9.43440448E+02 -2.74335304E+03 -1.79991259E+03 -1.58391259E+03  3.14480149E+01 -9.14451013E+01 -5.99970863E+01  3.00000000E+01  9.00000000E+02  3.11813766E-02
  9.46828170E+02 -2.74350363E+03 -1.79667546E+03 -1.58067546E+03  3.15609390E+01 -9.14501209E+01 -5.98891819E+01  3.00000000E+01  9.00000000E+02  3.11813766E-02
  9.45942257E+02 -2.74419547E+03 -1.79825321E+03 -1.58225321E+03  3.15314086E+01 -9.14731822E+01 -5.99417737E+01  3.00000000E+01  9.00000000E+02  3.11813766E-02
  9.51028713E+02 -2.74473225E+03 -1.79370353E+03 -1.57770353E+03  3.17009571E+01 -9.14910749E+01 -5.97901178E+01  3.00000000E+01  9.00000000E+02  3.11813766E-02
  9.50967883E+02 -2.74325543E+03 -1.79228755E+03 -1.57628755E+03  3.16989294E+01 -9.14418477E+01 -5.97429182E+01  3.00000000E+01  9.00000000E+02  3.11813766E-02
  9.46931583E+02 -2.74289071E+03 -1.79595912E+03 -1.57995912E+03  3.15643861E+01 -9.14296902E+01 -5.98653042E+01  3.00000000E+01  9.00000000E+02  3.11813766E-02
  9.52153926E+02 -2.74346544E+03 -1.79131151E+03 -1.57531151E+03  3.17384642E+01 -9.14488479E+01 -5.97103838E+01  3.00000000E+01  9.00000000E+02  3.11813766E-02
  9.46557224E+02 -2.74460098E+03 -1.79804376E+03 -1.58204376E+03  3.15519075E+01 -9.14866994E+01 -5.99347919E+01  3.00000000E+01  9.00000000E+02  3.11813766E-02
  9.47018645E+02 -2.74416936E+03 -1.79715072E+03 -1.58115072E+03  3.15672882E+01 -9.14723120E+01 -5.99050238E+01  3.00000000E+01  9.00000000E+02  3.11813766E-02
