# PIMCID: 0adf14b9-6edf-4218-af01-82d3956625fc
#    Number Bins
            7500
            5597
            5291
            7500
            1911
            7500
            7500
            2810
            7245
            7500
             679
            7500
            7500
            7412
            1172
            1414
            5432
            1308
            7500
            7500
            7500
            7500
            7500
            7500
            7500
            7500
            4169
            7500
            3964
            7500
            4301
            4497
            1098
            6123
            7500
            2508
            5951
            7500
            4981
            7500
            5181
            3130
            7500
            4324
            6335
            7500
            3299
            6632
            7229
            5808
            5319
            7205
            7206
            5232
            7500
            7500
            7500
            4397
            4397
            7500
            7500
            7500
            7500
            6796
            7500
            7500
            6725
            7411
            7500
            7500
            7500
            6984
            7500
            7403
            7500
            4481
            7416
            7500
            5108
            7500
            2605
            7500
            5358
            7500
            7500
            7500
            7500
            3727
            7315
            7500
              54
            2823
            7500
            7500
            6692
            7500
            6413
            6254
            2847
            2084
              19
            7500
            4338
            5057
            5169
            7500
            7500
            7500
            7500
            2611
            1907
            3675
            7500
            7500
            7500
            1477
            7500
            7500
            5661
            5619
            7325
            7500
