# PIMCID: 3c52133c-05a3-4268-a034-c607fe93950b
#    Number Bins
            6776
            6589
            5795
            6615
            4702
            6660
            3989
             739
            2083
            6668
            6417
            6688
            5708
            6791
            2971
            6293
            6795
            6838
            6754
            5012
            3845
             130
            6656
            6720
            5520
            6656
            4226
            6741
            6699
            6686
            6733
            6573
            6757
            4368
            5478
            6222
            6553
            6761
            6734
            3989
            6849
            6761
            1618
            6631
