# PIMCID: 0adf14b9-6edf-4218-af01-82d3956625fc
#      0.000E+00       1.000E+00       2.000E+00       3.000E+00       4.000E+00       5.000E+00       6.000E+00       7.000E+00       8.000E+00       9.000E+00       1.000E+01       1.100E+01       1.200E+01       1.300E+01       1.400E+01       1.500E+01       1.600E+01       1.700E+01       1.800E+01       1.900E+01       2.000E+01       2.100E+01       2.200E+01       2.300E+01       2.400E+01       2.500E+01       2.600E+01       2.700E+01       2.800E+01       2.900E+01       3.000E+01       3.100E+01       3.200E+01       3.300E+01       3.400E+01       3.500E+01       3.600E+01       3.700E+01       3.800E+01       3.900E+01       4.000E+01       4.100E+01       4.200E+01       4.300E+01       4.400E+01       4.500E+01       4.600E+01       4.700E+01       4.800E+01       4.900E+01
  0.00000000E+00  2.09066667E-03  1.02280993E+00  1.89306859E+00  3.79890667E-01  6.02275111E-01  1.80766444E+00  8.04545926E-01  4.38006519E-01  1.50401259E+00  1.18243822E+00  4.49030370E-01  1.15174104E+00  1.41767704E+00  5.97981926E-01  8.60816296E-01  1.46531096E+00  8.22816296E-01  6.88474222E-01  1.36628281E+00  1.03908919E+00  6.58812000E-01  1.16306607E+00  1.20829022E+00  7.29042667E-01  9.67998074E-01  1.27135230E+00  8.55446519E-01  8.45013481E-01  1.23265333E+00  9.81366074E-01  8.12964296E-01  1.12602593E+00  1.08772859E+00  8.44317185E-01  1.00442874E+00  1.13585170E+00  9.20100296E-01  9.20925333E-01  1.11978607E+00  9.95569333E-01  9.01148000E-01  1.05825185E+00  1.04151674E+00  9.41844889E-01  9.83795407E-01  1.05709200E+00  9.97771259E-01  9.38130074E-01  1.03702207E+00
  0.00000000E+00  2.22063407E-03  1.00618129E+00  1.91409366E+00  3.86568797E-01  5.72341731E-01  1.80611597E+00  8.58708634E-01  3.83894348E-01  1.48528319E+00  1.25694042E+00  4.20747027E-01  1.08542870E+00  1.50580589E+00  6.09373871E-01  7.53781192E-01  1.52848312E+00  8.97076807E-01  5.68813849E-01  1.35465309E+00  1.18540488E+00  5.56734957E-01  1.07922677E+00  1.38180930E+00  6.99602962E-01  8.05622456E-01  1.41169575E+00  9.32258353E-01  6.39577353E-01  1.28762075E+00  1.16901157E+00  6.27544319E-01  1.05074723E+00  1.32978262E+00  7.63317650E-01  8.10711095E-01  1.34575388E+00  9.84196296E-01  6.53954896E-01  1.23051794E+00  1.20681873E+00  6.40967582E-01  1.01729438E+00  1.34145971E+00  7.84468267E-01  7.79734977E-01  1.36197745E+00  1.00347369E+00  6.22521787E-01  1.23301352E+00
  0.00000000E+00  2.38833239E-03  1.01153783E+00  1.90958042E+00  3.80968941E-01  5.75179025E-01  1.82567589E+00  8.25971146E-01  3.96380226E-01  1.50936475E+00  1.22465339E+00  4.23324513E-01  1.11518575E+00  1.47719293E+00  6.03267183E-01  7.83393183E-01  1.51844642E+00  8.69562360E-01  6.02024192E-01  1.35680863E+00  1.14913963E+00  5.83025683E-01  1.10247989E+00  1.33680758E+00  7.06100926E-01  8.48354018E-01  1.36960226E+00  9.21898612E-01  6.92815263E-01  1.25591697E+00  1.13864802E+00  6.71960142E-01  1.06393309E+00  1.27995590E+00  7.68981499E-01  8.60524791E-01  1.30895126E+00  9.50369600E-01  7.30714421E-01  1.21035847E+00  1.13265545E+00  7.17605368E-01  1.03158487E+00  1.26136962E+00  8.18301938E-01  8.44641635E-01  1.27365610E+00  9.94526765E-01  7.29561730E-01  1.16798673E+00
  0.00000000E+00  2.41422222E-03  1.01819763E+00  1.89691941E+00  3.87723556E-01  5.80939704E-01  1.80928089E+00  8.36606222E-01  4.06622074E-01  1.48800948E+00  1.23520207E+00  4.30764593E-01  1.10708178E+00  1.46600252E+00  6.19351852E-01  7.89785926E-01  1.49020074E+00  8.86391704E-01  6.18733333E-01  1.34502741E+00  1.12901881E+00  6.07409037E-01  1.11541644E+00  1.29640919E+00  7.15136444E-01  8.91752148E-01  1.33353333E+00  8.96902074E-01  7.46468889E-01  1.25645348E+00  1.06970074E+00  7.27837185E-01  1.09188385E+00  1.19031200E+00  8.09373630E-01  9.35085185E-01  1.21881096E+00  9.30177630E-01  8.34489185E-01  1.16549259E+00  1.05129837E+00  8.21144889E-01  1.05474311E+00  1.12307570E+00  8.93192296E-01  9.36187111E-01  1.13398267E+00  9.93181778E-01  8.62883704E-01  1.08672578E+00
  0.00000000E+00  2.17047503E-03  1.01127333E+00  1.89991802E+00  3.97598698E-01  5.71771033E-01  1.80378278E+00  8.58877842E-01  3.93500785E-01  1.46991744E+00  1.26203616E+00  4.28346415E-01  1.08279667E+00  1.49186871E+00  6.21820455E-01  7.61965231E-01  1.50315542E+00  9.12664690E-01  5.75290424E-01  1.35599105E+00  1.16730740E+00  5.73994418E-01  1.09626722E+00  1.34817955E+00  6.98587127E-01  8.58129542E-01  1.36270539E+00  9.09388918E-01  7.11404151E-01  1.25726786E+00  1.10773708E+00  7.06028839E-01  1.06985871E+00  1.23423920E+00  7.97371359E-01  8.86264899E-01  1.26336066E+00  9.54535147E-01  7.73047270E-01  1.18754579E+00  1.10268155E+00  7.59986627E-01  1.05598523E+00  1.17193325E+00  8.64834583E-01  9.05327054E-01  1.17771382E+00  9.96208500E-01  8.16889935E-01  1.11380662E+00
  0.00000000E+00  2.52474074E-03  1.01890252E+00  1.89721348E+00  3.82250519E-01  5.95553778E-01  1.80355215E+00  8.26842963E-01  4.12690222E-01  1.49509748E+00  1.22404593E+00  4.29331259E-01  1.11662356E+00  1.46758622E+00  6.01766667E-01  8.01471111E-01  1.50192830E+00  8.62362815E-01  6.22833778E-01  1.35857067E+00  1.12182296E+00  6.07038370E-01  1.11556104E+00  1.29495541E+00  7.19490519E-01  8.76611259E-01  1.34436504E+00  9.08288444E-01  7.26136593E-01  1.25348607E+00  1.10583111E+00  6.96021333E-01  1.08112548E+00  1.23844074E+00  7.89065778E-01  8.84792593E-01  1.27643763E+00  9.48678667E-01  7.55186815E-01  1.20233630E+00  1.11750741E+00  7.33754815E-01  1.03916904E+00  1.23322696E+00  8.32285926E-01  8.63568296E-01  1.24624785E+00  9.91781630E-01  7.54940889E-01  1.15403022E+00
  0.00000000E+00  2.52474074E-03  1.01890252E+00  1.89721348E+00  3.82250519E-01  5.95553778E-01  1.80355215E+00  8.26842963E-01  4.12690222E-01  1.49509748E+00  1.22404593E+00  4.29331259E-01  1.11662356E+00  1.46758622E+00  6.01766667E-01  8.01471111E-01  1.50192830E+00  8.62362815E-01  6.22833778E-01  1.35857067E+00  1.12182296E+00  6.07038370E-01  1.11556104E+00  1.29495541E+00  7.19490519E-01  8.76611259E-01  1.34436504E+00  9.08288444E-01  7.26136593E-01  1.25348607E+00  1.10583111E+00  6.96021333E-01  1.08112548E+00  1.23844074E+00  7.89065778E-01  8.84792593E-01  1.27643763E+00  9.48678667E-01  7.55186815E-01  1.20233630E+00  1.11750741E+00  7.33754815E-01  1.03916904E+00  1.23322696E+00  8.32285926E-01  8.63568296E-01  1.24624785E+00  9.91781630E-01  7.54940889E-01  1.15403022E+00
  0.00000000E+00  1.97350732E-03  1.01039225E+00  1.90886121E+00  3.86161724E-01  5.70979439E-01  1.81786319E+00  8.48191380E-01  3.95930012E-01  1.48403677E+00  1.24254053E+00  4.35009490E-01  1.07830724E+00  1.49187663E+00  6.21123764E-01  7.61489917E-01  1.51600395E+00  8.92179122E-01  5.79020957E-01  1.35834322E+00  1.17670502E+00  5.59022934E-01  1.08803163E+00  1.36978845E+00  6.93699091E-01  8.32091340E-01  1.39932266E+00  9.17221036E-01  6.66938711E-01  1.27473231E+00  1.15624476E+00  6.39826018E-01  1.06395374E+00  1.30734836E+00  7.60151443E-01  8.37663108E-01  1.33514551E+00  9.56476473E-01  6.94168841E-01  1.23422025E+00  1.15390471E+00  6.87468565E-01  1.04225939E+00  1.26872519E+00  8.05208778E-01  8.59623567E-01  1.26212851E+00  9.90050218E-01  7.40854488E-01  1.16007394E+00
  0.00000000E+00  2.17299287E-03  1.03071037E+00  1.87913135E+00  3.89895560E-01  6.01379802E-01  1.79435948E+00  8.24292156E-01  4.25863661E-01  1.49003711E+00  1.20713504E+00  4.48763285E-01  1.12062158E+00  1.44920620E+00  6.06042788E-01  8.13066483E-01  1.49421563E+00  8.55025535E-01  6.35296066E-01  1.35314915E+00  1.11919991E+00  6.04582624E-01  1.12378621E+00  1.30433755E+00  6.97157887E-01  8.95940649E-01  1.35164083E+00  8.74811594E-01  7.49409861E-01  1.27179894E+00  1.06509762E+00  7.14537075E-01  1.10645365E+00  1.19788621E+00  7.84792731E-01  9.44834752E-01  1.23067832E+00  9.18525420E-01  8.31305421E-01  1.16970324E+00  1.06092324E+00  8.02678015E-01  1.05698735E+00  1.15139759E+00  8.67394525E-01  9.22260716E-01  1.16878261E+00  9.87233494E-01  8.32147535E-01  1.10668354E+00
  0.00000000E+00  2.06740741E-03  1.00969244E+00  1.90638844E+00  3.91227556E-01  5.71916148E-01  1.80786770E+00  8.53534519E-01  3.94475259E-01  1.47982444E+00  1.25241319E+00  4.30109333E-01  1.08647867E+00  1.48276104E+00  6.27783556E-01  7.63253185E-01  1.50081393E+00  9.08851407E-01  5.85095407E-01  1.33752578E+00  1.17909170E+00  5.83705333E-01  1.07208104E+00  1.35157511E+00  7.30094518E-01  8.10902370E-01  1.37365733E+00  9.58861926E-01  6.59750815E-01  1.24491126E+00  1.17960178E+00  6.58329185E-01  1.02660756E+00  1.31906252E+00  7.88414963E-01  8.03940741E-01  1.33259704E+00  9.88915704E-01  6.80393333E-01  1.20536133E+00  1.18829689E+00  6.84495556E-01  1.00360696E+00  1.30930711E+00  8.07249778E-01  8.10953185E-01  1.30879511E+00  9.99315852E-01  6.91948444E-01  1.18942948E+00
  0.00000000E+00  2.37277041E-03  1.02333333E+00  1.89485191E+00  3.81669121E-01  5.96372116E-01  1.81552937E+00  8.02202586E-01  4.28800524E-01  1.51039928E+00  1.18785796E+00  4.52323679E-01  1.13284732E+00  1.41137621E+00  6.44670267E-01  8.27362134E-01  1.43325642E+00  8.91034201E-01  6.59659630E-01  1.31613157E+00  1.11366061E+00  6.46149566E-01  1.11099820E+00  1.24801015E+00  7.52677140E-01  9.04318442E-01  1.28473900E+00  9.18087056E-01  7.93384062E-01  1.21288332E+00  1.04021764E+00  7.88527246E-01  1.09694322E+00  1.12619375E+00  8.43793160E-01  9.76576665E-01  1.14831779E+00  9.29584356E-01  9.08181967E-01  1.11200131E+00  1.01823597E+00  8.91932581E-01  1.03175749E+00  1.09739813E+00  9.10394371E-01  9.61600393E-01  1.10301260E+00  9.89546719E-01  9.03159876E-01  1.05900016E+00
  0.00000000E+00  2.33200000E-03  1.01717333E+00  1.90081378E+00  3.84403556E-01  5.82208889E-01  1.81259052E+00  8.32391852E-01  4.02848296E-01  1.48972089E+00  1.24277674E+00  4.16133037E-01  1.10877926E+00  1.49230993E+00  5.90670815E-01  7.87495111E-01  1.52252000E+00  8.61390963E-01  6.04651407E-01  1.37523600E+00  1.12650652E+00  5.88236296E-01  1.12041289E+00  1.31410222E+00  7.01246815E-01  8.75106519E-01  1.36413215E+00  8.95343556E-01  7.17742222E-01  1.26374222E+00  1.10567881E+00  6.87482815E-01  1.07623748E+00  1.26040089E+00  7.78032593E-01  8.71351556E-01  1.29182370E+00  9.50047407E-01  7.44596593E-01  1.20113526E+00  1.13121926E+00  7.24356889E-01  1.02947215E+00  1.25531793E+00  8.21129630E-01  8.51945037E-01  1.26877822E+00  9.88282519E-01  7.37748741E-01  1.16527807E+00
  0.00000000E+00  2.28503704E-03  1.00930474E+00  1.90610859E+00  3.91868296E-01  5.68738519E-01  1.81037378E+00  8.56048444E-01  3.88812000E-01  1.47104296E+00  1.27386889E+00  4.22781926E-01  1.05942119E+00  1.51699333E+00  6.31949333E-01  7.25510815E-01  1.52445393E+00  9.35002518E-01  5.49065037E-01  1.32706963E+00  1.22884770E+00  5.51026370E-01  1.04338874E+00  1.41447511E+00  7.01404296E-01  7.74835556E-01  1.43273037E+00  9.52064741E-01  6.09704148E-01  1.28063096E+00  1.21150578E+00  5.94730963E-01  1.03694178E+00  1.37525289E+00  7.39158074E-01  7.86521481E-01  1.38960193E+00  9.72557926E-01  6.35593185E-01  1.24535837E+00  1.21359378E+00  6.22815556E-01  1.02119970E+00  1.35247644E+00  7.69328148E-01  7.89329630E-01  1.35518059E+00  9.97733630E-01  6.44088889E-01  1.22055763E+00
  0.00000000E+00  2.17964862E-03  1.00823994E+00  1.91158827E+00  3.86419170E-01  5.68786652E-01  1.81394930E+00  8.54827157E-01  3.89861336E-01  1.46584278E+00  1.27675631E+00  4.25441926E-01  1.05436679E+00  1.52352776E+00  6.26765755E-01  7.24924297E-01  1.52251169E+00  9.38587426E-01  5.48444414E-01  1.32703139E+00  1.23238052E+00  5.53730437E-01  1.04594651E+00  1.39663264E+00  7.21685555E-01  7.75000000E-01  1.40480392E+00  9.72665797E-01  6.30121575E-01  1.24755277E+00  1.19907312E+00  6.45673832E-01  1.02745758E+00  1.31251889E+00  7.96791989E-01  8.21684805E-01  1.29448972E+00  1.00433022E+00  7.00914283E-01  1.17840679E+00  1.18733345E+00  7.05394256E-01  1.00390388E+00  1.28327382E+00  8.17990646E-01  8.28246237E-01  1.28582914E+00  9.98397494E-01  7.13125862E-01  1.17792559E+00
  0.00000000E+00  1.78232840E-03  1.00762230E+00  1.91048066E+00  3.85081532E-01  5.61683732E-01  1.85730375E+00  8.11005878E-01  3.78704968E-01  1.54526356E+00  1.20217672E+00  4.00224687E-01  1.17796834E+00  1.44282044E+00  5.53781760E-01  8.68877512E-01  1.51960277E+00  7.64038680E-01  6.87192833E-01  1.42174630E+00  1.00349924E+00  6.20936670E-01  1.23572241E+00  1.18135950E+00  6.75159272E-01  1.06290861E+00  1.23054133E+00  8.05300531E-01  9.15643724E-01  1.23670459E+00  9.13380736E-01  8.17874479E-01  1.23150834E+00  9.79433068E-01  8.18477436E-01  1.16174820E+00  1.02480091E+00  8.40894008E-01  1.07616041E+00  1.10862533E+00  8.37348312E-01  1.02123815E+00  1.14052427E+00  8.43570345E-01  1.01603148E+00  1.11063424E+00  8.97422260E-01  9.90091012E-01  1.08222317E+00  9.56212552E-01
  0.00000000E+00  3.06380638E-03  1.00520273E+00  1.90507937E+00  3.96902405E-01  5.65602703E-01  1.81213657E+00  8.55491121E-01  3.79690398E-01  1.47699198E+00  1.27671539E+00  4.27787993E-01  1.05727487E+00  1.51042276E+00  6.46637592E-01  7.12202577E-01  1.52039290E+00  9.52595474E-01  5.21844256E-01  1.34495364E+00  1.25048798E+00  5.22179004E-01  1.02712793E+00  1.46496150E+00  6.79325004E-01  7.60371680E-01  1.45237781E+00  9.58783593E-01  5.80999528E-01  1.28299544E+00  1.24142071E+00  5.63576929E-01  1.05128634E+00  1.39013201E+00  7.10662423E-01  7.88891246E-01  1.41907669E+00  9.42193148E-01  6.22411598E-01  1.27959296E+00  1.21213814E+00  5.89728902E-01  1.02733773E+00  1.40256561E+00  7.26078894E-01  7.63595788E-01  1.41831212E+00  9.73730159E-01  6.05454974E-01  1.25454895E+00
  0.00000000E+00  2.36274750E-03  1.00241736E+00  1.91470974E+00  3.94664130E-01  5.54742882E-01  1.81815190E+00  8.64283873E-01  3.75277369E-01  1.48256402E+00  1.27589122E+00  4.04498855E-01  1.08095484E+00  1.51850781E+00  6.03678817E-01  7.46296024E-01  1.53200274E+00  9.07571388E-01  5.60167935E-01  1.35213038E+00  1.19448801E+00  5.59359966E-01  1.06930310E+00  1.38181271E+00  7.10357756E-01  8.01882466E-01  1.39782646E+00  9.51775487E-01  6.44457331E-01  1.26564228E+00  1.17441131E+00  6.44105097E-01  1.04239507E+00  1.31739159E+00  7.74396989E-01  8.12915235E-01  1.34144330E+00  9.66321592E-01  6.96823965E-01  1.21726661E+00  1.15722590E+00  6.98637089E-01  1.02978952E+00  1.27190108E+00  8.14668426E-01  8.30884880E-01  1.28810260E+00  9.96447594E-01  7.09531173E-01  1.18089470E+00
  0.00000000E+00  1.67261298E-03  9.97955318E-01  1.93017329E+00  3.84924397E-01  5.38684166E-01  1.82896534E+00  8.84721373E-01  3.41772001E-01  1.47460754E+00  1.33557085E+00  3.61452599E-01  1.02660466E+00  1.62435695E+00  5.83751274E-01  6.38199117E-01  1.64221288E+00  9.43667176E-01  4.25513931E-01  1.39689602E+00  1.31228253E+00  4.26569827E-01  1.03378270E+00  1.55863150E+00  6.11520557E-01  6.93174482E-01  1.56904010E+00  9.46269113E-01  4.77267244E-01  1.36892032E+00  1.29570591E+00  4.69580360E-01  1.01050204E+00  1.52730887E+00  6.63214407E-01  6.79683146E-01  1.54521831E+00  9.74600748E-01  4.95332994E-01  1.31686374E+00  1.31678899E+00  4.85551308E-01  1.00214407E+00  1.50560143E+00  6.90905539E-01  6.84487768E-01  1.49318552E+00  1.01369351E+00  4.91653075E-01  1.31215172E+00
  0.00000000E+00  2.34000000E-03  1.01075556E+00  1.90952474E+00  3.82309333E-01  5.83152444E-01  1.81315348E+00  8.30097926E-01  4.08571556E-01  1.49637822E+00  1.21828637E+00  4.35574222E-01  1.12044133E+00  1.45286800E+00  6.11986963E-01  8.08194815E-01  1.48748089E+00  8.66539259E-01  6.34992296E-01  1.34806756E+00  1.11645126E+00  6.13696296E-01  1.11499096E+00  1.29175733E+00  7.20170222E-01  8.87536593E-01  1.34427289E+00  8.88700148E-01  7.40827111E-01  1.26998889E+00  1.06640726E+00  7.16118815E-01  1.10356770E+00  1.19640415E+00  7.98922519E-01  9.21720444E-01  1.23640904E+00  9.43515556E-01  7.98489778E-01  1.17667644E+00  1.08574652E+00  7.83758963E-01  1.04079511E+00  1.17954696E+00  8.65086963E-01  9.01211407E-01  1.18579185E+00  9.94230222E-01  8.10734815E-01  1.11909215E+00
  0.00000000E+00  2.09659259E-03  1.01910015E+00  1.89673881E+00  3.88265778E-01  5.83426222E-01  1.80561570E+00  8.37037778E-01  4.07306519E-01  1.48393793E+00  1.24001941E+00  4.29434370E-01  1.09926933E+00  1.48336207E+00  6.03067259E-01  7.79979407E-01  1.52184489E+00  8.72413037E-01  6.01525778E-01  1.35498281E+00  1.15038044E+00  5.90318519E-01  1.08833422E+00  1.33619807E+00  7.19407704E-01  8.35423407E-01  1.37929170E+00  9.24183259E-01  6.83459259E-01  1.26519452E+00  1.13566622E+00  6.71046222E-01  1.06748444E+00  1.26413393E+00  7.88353333E-01  8.59563111E-01  1.29499852E+00  9.58096000E-01  7.37122370E-01  1.20211763E+00  1.12959867E+00  7.26071852E-01  1.03492193E+00  1.24543852E+00  8.29971704E-01  8.49256444E-01  1.25776267E+00  1.00228593E+00  7.32798370E-01  1.16503052E+00
  0.00000000E+00  2.35703704E-03  1.01230607E+00  1.90547363E+00  3.86950815E-01  5.76782667E-01  1.80764637E+00  8.50988296E-01  3.95982222E-01  1.47409970E+00  1.26046622E+00  4.27367259E-01  1.07293748E+00  1.50407793E+00  6.19763111E-01  7.51402519E-01  1.51888089E+00  9.04120000E-01  5.80738074E-01  1.34745956E+00  1.17075763E+00  5.80330667E-01  1.08621867E+00  1.34490844E+00  7.10090370E-01  8.40300741E-01  1.38036652E+00  9.14494370E-01  6.91965630E-01  1.26968785E+00  1.12103496E+00  6.75955704E-01  1.08260030E+00  1.25397363E+00  7.74724593E-01  8.82726963E-01  1.29196519E+00  9.37058074E-01  7.51886370E-01  1.21513022E+00  1.10404252E+00  7.34300148E-01  1.05693274E+00  1.21696844E+00  8.25291407E-01  8.84372593E-01  1.23265733E+00  9.87302222E-01  7.73166074E-01  1.14232311E+00
  0.00000000E+00  2.09762963E-03  1.00791274E+00  1.91142726E+00  3.89618074E-01  5.67671704E-01  1.81232948E+00  8.52994519E-01  3.91504889E-01  1.47729763E+00  1.25934148E+00  4.27015704E-01  1.07290400E+00  1.50337156E+00  6.26698074E-01  7.40035556E-01  1.51665896E+00  9.21446519E-01  5.63290963E-01  1.33849081E+00  1.20667763E+00  5.59909037E-01  1.05421452E+00  1.39932415E+00  7.03905630E-01  7.83711111E-01  1.42885630E+00  9.44575704E-01  6.17809778E-01  1.28394281E+00  1.19602163E+00  6.13424148E-01  1.03556252E+00  1.35720978E+00  7.50780000E-01  7.97074370E-01  1.37060059E+00  9.74065333E-01  6.49122222E-01  1.23881556E+00  1.19912059E+00  6.46215407E-01  1.01517615E+00  1.33985496E+00  7.84279111E-01  7.85122667E-01  1.35553704E+00  9.91038074E-01  6.48598815E-01  1.22068015E+00
  0.00000000E+00  2.33570370E-03  1.01062978E+00  1.90521259E+00  3.90704593E-01  5.68594370E-01  1.81787333E+00  8.41555111E-01  3.97045037E-01  1.49439630E+00  1.23695378E+00  4.24690963E-01  1.10616104E+00  1.48037333E+00  6.03348296E-01  7.86372593E-01  1.51768267E+00  8.62861778E-01  6.08611704E-01  1.37409807E+00  1.11753541E+00  5.97663111E-01  1.12531319E+00  1.29272741E+00  7.19668889E-01  8.85728444E-01  1.33333244E+00  9.01482667E-01  7.45945185E-01  1.25411644E+00  1.07287230E+00  7.29101778E-01  1.09121363E+00  1.18736341E+00  8.16597037E-01  9.23768444E-01  1.21800904E+00  9.44912148E-01  8.21361926E-01  1.16155244E+00  1.07092830E+00  8.10484444E-01  1.03814622E+00  1.15352919E+00  8.81986074E-01  9.15282963E-01  1.16180711E+00  9.88617037E-01  8.40660741E-01  1.10212489E+00
  0.00000000E+00  2.23748148E-03  1.01749052E+00  1.89878933E+00  3.84779407E-01  5.87769778E-01  1.80372741E+00  8.34814518E-01  4.14002667E-01  1.48505911E+00  1.22655274E+00  4.36772000E-01  1.11437926E+00  1.46214281E+00  6.05624444E-01  8.02337481E-01  1.50181822E+00  8.58948741E-01  6.27162519E-01  1.36406444E+00  1.11028252E+00  6.06724741E-01  1.12934133E+00  1.28985348E+00  7.02147556E-01  9.04943852E-01  1.34276815E+00  8.71048000E-01  7.57065481E-01  1.27367807E+00  1.05278252E+00  7.22555556E-01  1.10870222E+00  1.19170711E+00  7.89519556E-01  9.38066963E-01  1.23336889E+00  9.29089630E-01  8.14355556E-01  1.18088237E+00  1.06469141E+00  7.89418222E-01  1.06045956E+00  1.15812193E+00  8.63468889E-01  9.22950074E-01  1.17132533E+00  9.81690370E-01  8.39426963E-01  1.10442415E+00
  0.00000000E+00  2.11022222E-03  1.02356430E+00  1.89142711E+00  3.83146667E-01  6.00199259E-01  1.79722089E+00  8.23459111E-01  4.33033037E-01  1.48947481E+00  1.19888593E+00  4.53062815E-01  1.13075407E+00  1.43036844E+00  6.12547556E-01  8.49408000E-01  1.45623615E+00  8.40077926E-01  6.96709926E-01  1.33003526E+00  1.05175511E+00  6.77815704E-01  1.15198874E+00  1.19230859E+00  7.48809630E-01  9.77449926E-01  1.24419837E+00  8.65896148E-01  8.64209481E-01  1.20288400E+00  9.89096889E-01  8.22474815E-01  1.12521926E+00  1.07094563E+00  8.51099704E-01  1.02536948E+00  1.11121822E+00  9.13594518E-01  9.44352593E-01  1.11114119E+00  9.81710074E-01  9.11693926E-01  1.06990370E+00  1.02370074E+00  9.43531556E-01  1.00610726E+00  1.03471067E+00  9.91446074E-01  9.65002370E-01  1.02197748E+00
  0.00000000E+00  2.37955556E-03  1.01691778E+00  1.90017556E+00  3.83596148E-01  5.82152444E-01  1.81844889E+00  8.25754815E-01  4.08993778E-01  1.50058607E+00  1.21692059E+00  4.30161778E-01  1.12457644E+00  1.46072148E+00  5.97686222E-01  8.08986815E-01  1.50855052E+00  8.47351852E-01  6.26823111E-01  1.36982696E+00  1.10633748E+00  6.08078222E-01  1.12417037E+00  1.28968770E+00  7.15782519E-01  8.88405333E-01  1.34489941E+00  8.94593481E-01  7.38037778E-01  1.25518726E+00  1.08577822E+00  7.15814667E-01  1.08726133E+00  1.20584622E+00  8.10685333E-01  9.10299111E-01  1.22639541E+00  9.63086815E-01  7.94115556E-01  1.16656844E+00  1.09389867E+00  7.85215407E-01  1.03633807E+00  1.17744844E+00  8.71688444E-01  8.95029926E-01  1.18285837E+00  1.01044711E+00  7.92687111E-01  1.12608030E+00
  0.00000000E+00  2.49433650E-03  1.02652968E+00  1.88086645E+00  3.94952160E-01  5.98678074E-01  1.78971163E+00  8.34396471E-01  4.32909571E-01  1.46121852E+00  1.22232243E+00  4.65785027E-01  1.09705498E+00  1.43873884E+00  6.47222622E-01  8.04302124E-01  1.44871086E+00  9.00183897E-01  6.52583353E-01  1.29780550E+00  1.13537859E+00  6.47776445E-01  1.09261907E+00  1.26381573E+00  7.54502279E-01  9.08975774E-01  1.27154420E+00  9.29718025E-01  7.82481011E-01  1.19987900E+00  1.08096879E+00  7.62159857E-01  1.06778657E+00  1.17371579E+00  8.42569494E-01  9.23674209E-01  1.18665254E+00  9.75411903E-01  8.25960396E-01  1.12960875E+00  1.08463447E+00  8.21951974E-01  1.03081421E+00  1.14665787E+00  8.85407638E-01  9.17534181E-01  1.15923350E+00  9.90600997E-01  8.49452307E-01  1.09538125E+00
  0.00000000E+00  2.18281481E-03  1.01622281E+00  1.89742252E+00  3.89994222E-01  5.85078519E-01  1.80044474E+00  8.43083111E-01  4.05688148E-01  1.48869037E+00  1.23432667E+00  4.29042519E-01  1.10384800E+00  1.47447289E+00  6.14171407E-01  7.82688296E-01  1.50772133E+00  8.76030815E-01  6.12918222E-01  1.35087481E+00  1.13709689E+00  5.99976296E-01  1.10299704E+00  1.31131970E+00  7.19484444E-01  8.73280444E-01  1.34402341E+00  9.08040000E-01  7.27849778E-01  1.26047096E+00  1.08638770E+00  7.11722519E-01  1.09445244E+00  1.21194696E+00  7.81289630E-01  9.31518667E-01  1.24434311E+00  9.19419556E-01  8.14734815E-01  1.18654578E+00  1.05911911E+00  7.96824889E-01  1.05626444E+00  1.15399689E+00  8.69400296E-01  9.19603556E-01  1.16564385E+00  9.88533037E-01  8.41077333E-01  1.10106756E+00
  0.00000000E+00  2.17793475E-03  1.00762950E+00  1.90887459E+00  3.94495739E-01  5.69398755E-01  1.80216784E+00  8.59140599E-01  3.98284841E-01  1.46461851E+00  1.26261604E+00  4.34925160E-01  1.07441221E+00  1.49088687E+00  6.31203610E-01  7.59485929E-01  1.49739040E+00  9.14229454E-01  5.78429196E-01  1.34381097E+00  1.17766790E+00  5.78505158E-01  1.07280917E+00  1.36507092E+00  7.13328288E-01  8.04792858E-01  1.41272648E+00  9.26211739E-01  6.54237022E-01  1.28096564E+00  1.15510764E+00  6.44699238E-01  1.06563208E+00  1.29300594E+00  7.68521976E-01  8.49985985E-01  1.31689399E+00  9.50963112E-01  7.19755017E-01  1.22607748E+00  1.12262305E+00  7.16902680E-01  1.05448649E+00  1.22571252E+00  8.26547259E-01  8.75776152E-01  1.23728557E+00  9.91394495E-01  7.59450891E-01  1.15201844E+00
  0.00000000E+00  2.01481481E-03  1.02607970E+00  1.88679259E+00  3.87431111E-01  5.92523704E-01  1.80648519E+00  8.24375852E-01  4.24988593E-01  1.48479615E+00  1.21339363E+00  4.46652296E-01  1.11980548E+00  1.44572341E+00  6.11945185E-01  8.18009482E-01  1.47988281E+00  8.60373630E-01  6.45987852E-01  1.34116074E+00  1.11616119E+00  6.17524000E-01  1.11452859E+00  1.29249733E+00  7.16718963E-01  8.89020889E-01  1.34678622E+00  8.80632148E-01  7.48893630E-01  1.27111956E+00  1.06410859E+00  7.07567852E-01  1.10893659E+00  1.21104252E+00  7.79775407E-01  9.12655852E-01  1.27252548E+00  9.22642963E-01  7.76771852E-01  1.21203007E+00  1.08561081E+00  7.48788148E-01  1.05694341E+00  1.21247393E+00  8.27094667E-01  8.87878519E-01  1.23084059E+00  9.84447259E-01  7.77051111E-01  1.14184296E+00
  0.00000000E+00  2.26148958E-03  1.01880131E+00  1.89398589E+00  3.92224289E-01  5.78719419E-01  1.80429513E+00  8.49739595E-01  4.00219329E-01  1.47397272E+00  1.25677672E+00  4.22966752E-01  1.09754527E+00  1.47878323E+00  6.20771655E-01  7.76485572E-01  1.49967424E+00  8.92964685E-01  6.09427782E-01  1.32697409E+00  1.15925444E+00  6.09572193E-01  1.07234338E+00  1.32547185E+00  7.41648196E-01  8.44468728E-01  1.33193805E+00  9.49843447E-01  7.10081376E-01  1.21681366E+00  1.15125165E+00  6.94093363E-01  1.04076959E+00  1.27783384E+00  7.92631946E-01  8.53027720E-01  1.28999587E+00  9.72808132E-01  7.24122555E-01  1.18995402E+00  1.16087835E+00  7.12249864E-01  1.01188948E+00  1.28771552E+00  8.07191868E-01  8.30884291E-01  1.29091813E+00  9.94440311E-01  7.09468857E-01  1.18318350E+00
  0.00000000E+00  2.44311022E-03  1.01958738E+00  1.89131248E+00  3.91195612E-01  5.92804586E-01  1.79869617E+00  8.27510192E-01  4.27545277E-01  1.49012354E+00  1.20141106E+00  4.53892966E-01  1.12466607E+00  1.42635337E+00  6.33006449E-01  8.20775332E-01  1.45053468E+00  8.78781657E-01  6.60257209E-01  1.32730166E+00  1.10274207E+00  6.46077138E-01  1.11595212E+00  1.25217775E+00  7.46764263E-01  9.06756603E-01  1.30153361E+00  9.03711116E-01  7.72134756E-01  1.23102142E+00  1.06597559E+00  7.47026907E-01  1.09479505E+00  1.17264917E+00  8.17322660E-01  9.44880538E-01  1.20220221E+00  9.34234428E-01  8.45090801E-01  1.14426210E+00  1.06396190E+00  8.31421936E-01  1.03335088E+00  1.14016925E+00  8.90284634E-01  9.25216564E-01  1.14473946E+00  9.88720134E-01  8.65380377E-01  1.08457910E+00
  0.00000000E+00  2.91034204E-03  1.01912771E+00  1.89742866E+00  3.85037442E-01  5.70692168E-01  1.82163631E+00  8.44707549E-01  3.86161708E-01  1.49279194E+00  1.26112022E+00  4.00993726E-01  1.10166161E+00  1.51061830E+00  5.80279296E-01  7.66056466E-01  1.57501113E+00  8.20242866E-01  6.13529650E-01  1.39148958E+00  1.09304493E+00  6.11970249E-01  1.13790326E+00  1.26584295E+00  7.16113135E-01  9.14333131E-01  1.33262396E+00  8.76180935E-01  7.54702489E-01  1.27761283E+00  1.04614754E+00  7.15415908E-01  1.12714228E+00  1.18307832E+00  7.74800648E-01  9.46672738E-01  1.25072050E+00  9.07823315E-01  8.01052419E-01  1.21795892E+00  1.05584699E+00  7.61476422E-01  1.08657256E+00  1.16278486E+00  8.46109087E-01  9.25330905E-01  1.18301255E+00  9.82567294E-01  8.18714835E-01  1.11828071E+00
  0.00000000E+00  2.35378446E-03  1.01261872E+00  1.90243109E+00  3.92304244E-01  5.71236504E-01  1.81435789E+00  8.42488976E-01  3.98265193E-01  1.48196128E+00  1.25127134E+00  4.22555392E-01  1.09113815E+00  1.49448636E+00  6.13893698E-01  7.62439980E-01  1.51613715E+00  8.96720743E-01  5.86298837E-01  1.34600613E+00  1.17251111E+00  5.79962255E-01  1.08439599E+00  1.35021994E+00  7.07510843E-01  8.40522438E-01  1.37270873E+00  9.22908886E-01  6.90428076E-01  1.25623659E+00  1.14882302E+00  6.65474985E-01  1.05217776E+00  1.29349937E+00  7.71025822E-01  8.49570472E-01  1.31573829E+00  9.54818263E-01  7.22305515E-01  1.20401002E+00  1.15376540E+00  7.08072477E-01  1.02424592E+00  1.26533126E+00  8.22207524E-01  8.46390295E-01  1.26815740E+00  9.87622625E-01  7.45182282E-01  1.15854429E+00
  0.00000000E+00  2.31200000E-03  1.01498281E+00  1.90096415E+00  3.87351556E-01  5.75435407E-01  1.81465289E+00  8.41431852E-01  3.95413185E-01  1.48847985E+00  1.24848222E+00  4.25676148E-01  1.08897348E+00  1.48827719E+00  6.25503407E-01  7.60041481E-01  1.50228593E+00  9.11240296E-01  5.78388741E-01  1.33791378E+00  1.19392385E+00  5.67393481E-01  1.06487141E+00  1.38154622E+00  7.02393630E-01  8.05404000E-01  1.41469081E+00  9.33478222E-01  6.40293185E-01  1.27896341E+00  1.17764859E+00  6.27341481E-01  1.04544444E+00  1.33882933E+00  7.52876741E-01  8.11078074E-01  1.35893556E+00  9.71157778E-01  6.63074519E-01  1.23106030E+00  1.19327170E+00  6.58032741E-01  1.01432993E+00  1.32489348E+00  7.92727111E-01  7.99902222E-01  1.32683052E+00  9.99277778E-01  6.74750815E-01  1.20110563E+00
  0.00000000E+00  2.52037923E-03  1.01186116E+00  1.90635256E+00  3.87156211E-01  5.76594010E-01  1.81544746E+00  8.32056087E-01  4.08973507E-01  1.49131756E+00  1.22072656E+00  4.44235336E-01  1.10605750E+00  1.46910376E+00  6.05520556E-01  8.03461811E-01  1.49781765E+00  8.48594719E-01  6.53401116E-01  1.34703128E+00  1.09536860E+00  6.39510455E-01  1.13015949E+00  1.25065701E+00  7.27112352E-01  9.36122187E-01  1.29026360E+00  8.74545898E-01  8.18475102E-01  1.23441565E+00  1.00112795E+00  7.96682616E-01  1.12056929E+00  1.09960615E+00  8.36859383E-01  1.00272594E+00  1.14485292E+00  9.09481659E-01  9.26189084E-01  1.12280613E+00  9.82333865E-01  9.15076201E-01  1.05622630E+00  1.03831030E+00  9.40462520E-01  9.88211944E-01  1.05682350E+00  9.87249690E-01  9.43234538E-01  1.03964381E+00
  0.00000000E+00  2.12924065E-03  1.01324651E+00  1.90111653E+00  3.90513079E-01  5.79868556E-01  1.80550234E+00  8.46566217E-01  3.98439478E-01  1.48003865E+00  1.25169925E+00  4.30610915E-01  1.08653821E+00  1.47906664E+00  6.32164529E-01  7.62453556E-01  1.49149611E+00  9.21985474E-01  5.90545380E-01  1.32259807E+00  1.18481861E+00  5.93630762E-01  1.06335107E+00  1.34219459E+00  7.42887283E-01  8.21403499E-01  1.34920779E+00  9.59911313E-01  6.81558842E-01  1.22872029E+00  1.17615639E+00  6.68087156E-01  1.03026625E+00  1.31238055E+00  7.81389496E-01  8.25564704E-01  1.31180549E+00  9.86957934E-01  6.95112306E-01  1.19541683E+00  1.18405030E+00  6.92075095E-01  1.00634067E+00  1.30256110E+00  8.05837301E-01  8.12210273E-01  1.31309117E+00  9.92615620E-01  7.00682612E-01  1.18646931E+00
  0.00000000E+00  2.15540741E-03  1.01165407E+00  1.90718267E+00  3.85277778E-01  5.77291259E-01  1.81711733E+00  8.31941926E-01  4.07635556E-01  1.48713407E+00  1.23403822E+00  4.33522370E-01  1.10689244E+00  1.46608933E+00  6.14471556E-01  8.00042370E-01  1.48508444E+00  8.79763556E-01  6.24167556E-01  1.33977170E+00  1.13256148E+00  6.15297185E-01  1.10059156E+00  1.30213956E+00  7.24441926E-01  8.77771259E-01  1.33592815E+00  9.07585481E-01  7.45288000E-01  1.23970844E+00  1.08591407E+00  7.35921481E-01  1.07602578E+00  1.19363052E+00  8.19286667E-01  9.20479556E-01  1.21918652E+00  9.41970963E-01  8.26509630E-01  1.16466696E+00  1.05706904E+00  8.14329630E-01  1.05668533E+00  1.13028311E+00  8.77229630E-01  9.43167407E-01  1.14114652E+00  9.83551111E-01  8.66083556E-01  1.08764919E+00
  0.00000000E+00  2.17693904E-03  1.01690803E+00  1.90237190E+00  3.78076245E-01  5.95899083E-01  1.80644984E+00  8.22591626E-01  4.22681300E-01  1.48601106E+00  1.21536907E+00  4.46014633E-01  1.12223784E+00  1.44329073E+00  6.10868188E-01  8.24460059E-01  1.47827165E+00  8.48843383E-01  6.60292668E-01  1.34865043E+00  1.08849406E+00  6.35051195E-01  1.13984028E+00  1.24724776E+00  7.27475964E-01  9.25340070E-01  1.29905664E+00  8.87413951E-01  7.87631444E-01  1.23132615E+00  1.05609003E+00  7.55969127E-01  1.08716144E+00  1.17094225E+00  8.27739856E-01  9.31536728E-01  1.20201588E+00  9.50079636E-01  8.28752816E-01  1.14976221E+00  1.07622142E+00  8.13151531E-01  1.02849495E+00  1.16964086E+00  8.76216512E-01  9.03611725E-01  1.18036650E+00  9.92525820E-01  8.19231970E-01  1.11347989E+00
  0.00000000E+00  2.45762963E-03  1.01213941E+00  1.90616756E+00  3.85566074E-01  5.80224148E-01  1.81050548E+00  8.37936593E-01  4.03345333E-01  1.48905185E+00  1.23140978E+00  4.35753037E-01  1.10468430E+00  1.46507126E+00  6.22408444E-01  7.89754370E-01  1.48252400E+00  8.94381630E-01  6.15856296E-01  1.33782281E+00  1.14610978E+00  6.02010222E-01  1.10104356E+00  1.30686563E+00  7.25665778E-01  8.71040741E-01  1.33330341E+00  9.26138370E-01  7.27468593E-01  1.23384089E+00  1.11415644E+00  7.12103556E-01  1.06639970E+00  1.22420104E+00  8.09844593E-01  8.96254074E-01  1.24078711E+00  9.59104000E-01  7.80783407E-01  1.17826652E+00  1.09841585E+00  7.74906370E-01  1.03913733E+00  1.18981230E+00  8.56951259E-01  8.95175259E-01  1.19632119E+00  9.95017926E-01  7.95073481E-01  1.13007496E+00
  0.00000000E+00  2.45362328E-03  1.01451650E+00  1.89911000E+00  3.92875464E-01  5.75735272E-01  1.80605267E+00  8.48027622E-01  3.99658153E-01  1.48579553E+00  1.23796886E+00  4.34557250E-01  1.09821184E+00  1.47231530E+00  6.17378670E-01  7.81198181E-01  1.49841772E+00  8.93493963E-01  5.97338352E-01  1.34531193E+00  1.15913058E+00  5.91041626E-01  1.08205301E+00  1.34927534E+00  7.14046194E-01  8.31604366E-01  1.37718094E+00  9.31693796E-01  6.82043793E-01  1.25728752E+00  1.14632868E+00  6.73747239E-01  1.04892599E+00  1.28163482E+00  7.88903901E-01  8.49859101E-01  1.29270025E+00  9.75376697E-01  7.21455746E-01  1.19265672E+00  1.15609621E+00  7.14457097E-01  1.01795149E+00  1.26944948E+00  8.19360484E-01  8.49875185E-01  1.26129083E+00  1.00114242E+00  7.31184242E-01  1.16516267E+00
  0.00000000E+00  2.60596379E-03  1.02796024E+00  1.88526589E+00  3.87017039E-01  5.88771033E-01  1.80775861E+00  8.32075257E-01  4.09229322E-01  1.48241534E+00  1.23563259E+00  4.31773873E-01  1.10543805E+00  1.46608165E+00  6.24555556E-01  7.84942137E-01  1.48931310E+00  8.93925808E-01  6.14900249E-01  1.32827121E+00  1.16240078E+00  6.03893504E-01  1.06940895E+00  1.32912567E+00  7.47374867E-01  8.23902733E-01  1.34150231E+00  9.73400426E-01  6.90343273E-01  1.20229251E+00  1.18936670E+00  6.82478523E-01  1.00419027E+00  1.30586439E+00  8.14380902E-01  7.98260561E-01  1.31232623E+00  1.01405005E+00  6.73259496E-01  1.18095669E+00  1.22648775E+00  6.71644302E-01  9.75233227E-01  1.36327902E+00  7.84847000E-01  7.78303159E-01  1.34559744E+00  9.99942847E-01  6.63500532E-01  1.20778630E+00
  0.00000000E+00  2.32474074E-03  1.00597793E+00  1.91619615E+00  3.84069926E-01  5.63964889E-01  1.82521541E+00  8.45819852E-01  3.80453333E-01  1.49921452E+00  1.25289733E+00  4.08324000E-01  1.10128681E+00  1.49763763E+00  6.00550222E-01  7.65440593E-01  1.53389941E+00  8.80694519E-01  5.76974963E-01  1.37234667E+00  1.16111037E+00  5.57436000E-01  1.11513244E+00  1.34384119E+00  6.85863259E-01  8.59675852E-01  1.38812311E+00  8.92649185E-01  6.98068000E-01  1.28903881E+00  1.09880622E+00  6.75858222E-01  1.09915244E+00  1.23830370E+00  7.80895704E-01  8.93770370E-01  1.26643170E+00  9.48964593E-01  7.68588593E-01  1.18732311E+00  1.11059689E+00  7.54552741E-01  1.04180681E+00  1.20426474E+00  8.50310370E-01  8.81586667E-01  1.21178637E+00  1.00241822E+00  7.75938815E-01  1.13774993E+00
  0.00000000E+00  2.39978415E-03  1.02563676E+00  1.88687044E+00  3.88816425E-01  5.93951074E-01  1.80296356E+00  8.22884675E-01  4.23367510E-01  1.49351064E+00  1.20684911E+00  4.37801161E-01  1.14104456E+00  1.44184628E+00  5.89287183E-01  8.36911553E-01  1.49875398E+00  8.23193288E-01  6.62067787E-01  1.37745298E+00  1.05840708E+00  6.32961764E-01  1.17120131E+00  1.22060232E+00  7.13042450E-01  9.68930774E-01  1.28381180E+00  8.48617021E-01  8.37360726E-01  1.23612550E+00  9.95422191E-01  7.99762823E-01  1.12101886E+00  1.09551984E+00  8.45382362E-01  9.97242779E-01  1.13775388E+00  9.28147806E-01  9.20661168E-01  1.10125270E+00  1.01164303E+00  9.06894080E-01  1.03535692E+00  1.05992882E+00  9.47034125E-01  9.61138863E-01  1.07343663E+00  9.99902611E-01  9.22604841E-01  1.04655951E+00
  0.00000000E+00  2.11663597E-03  1.01440621E+00  1.90487188E+00  3.82113304E-01  5.81541875E-01  1.81535280E+00  8.31356485E-01  4.09910024E-01  1.47973498E+00  1.24109164E+00  4.32260809E-01  1.10084083E+00  1.47489292E+00  6.15511006E-01  7.81385600E-01  1.49828799E+00  8.88022976E-01  6.12443743E-01  1.34548347E+00  1.13878400E+00  6.04963606E-01  1.10964167E+00  1.29411383E+00  7.27664825E-01  8.81323687E-01  1.32622994E+00  9.16383232E-01  7.38832763E-01  1.23952469E+00  1.09909515E+00  7.21541173E-01  1.06024152E+00  1.23212698E+00  8.09713760E-01  8.81410155E-01  1.25555310E+00  9.60967114E-01  7.77893888E-01  1.17546874E+00  1.10260037E+00  7.74871700E-01  1.03682961E+00  1.18260247E+00  8.65651671E-01  8.95077436E-01  1.19009120E+00  9.97186004E-01  8.04993423E-01  1.12033044E+00
  0.00000000E+00  2.42088889E-03  1.01522770E+00  1.90037348E+00  3.90229185E-01  5.78218074E-01  1.80646741E+00  8.42715111E-01  4.07997481E-01  1.48186415E+00  1.23444104E+00  4.42237630E-01  1.08820296E+00  1.46892681E+00  6.33148296E-01  7.76229926E-01  1.49368059E+00  8.97550815E-01  6.01043556E-01  1.33635556E+00  1.17167259E+00  5.81498963E-01  1.08419244E+00  1.35110326E+00  7.04918519E-01  8.41650815E-01  1.37691822E+00  9.22457481E-01  6.90684000E-01  1.26137156E+00  1.13069881E+00  6.71610519E-01  1.07351837E+00  1.26763437E+00  7.68815259E-01  8.77110074E-01  1.30231881E+00  9.34000296E-01  7.50449481E-01  1.20843970E+00  1.11041496E+00  7.39220296E-01  1.04149541E+00  1.22672815E+00  8.35407556E-01  8.66431111E-01  1.24631467E+00  9.83554074E-01  7.63243852E-01  1.15212904E+00
  0.00000000E+00  2.33370382E-03  1.00490586E+00  1.91058536E+00  3.95854299E-01  5.61869927E-01  1.80983059E+00  8.66298542E-01  3.82553299E-01  1.46395406E+00  1.28284632E+00  4.17090364E-01  1.06207639E+00  1.52112559E+00  6.21568826E-01  7.27879829E-01  1.53921256E+00  9.20347243E-01  5.39783773E-01  1.35424304E+00  1.21715301E+00  5.44595669E-01  1.04914419E+00  1.42321781E+00  6.92442154E-01  7.76134182E-01  1.44634266E+00  9.18166448E-01  6.44808528E-01  1.29146341E+00  1.14889562E+00  6.47495201E-01  1.05991142E+00  1.29957293E+00  7.67911152E-01  8.43146745E-01  1.32096696E+00  9.56012260E-01  7.22749318E-01  1.20707521E+00  1.13779024E+00  7.14949311E-01  1.03887239E+00  1.25157590E+00  8.16742110E-01  8.57305918E-01  1.25902294E+00  9.94498333E-01  7.39886161E-01  1.16112559E+00
  0.00000000E+00  2.07914489E-03  1.02098194E+00  1.89718369E+00  3.77571874E-01  5.96479527E-01  1.81937441E+00  8.00409127E-01  4.29663249E-01  1.51830938E+00  1.17567049E+00  4.44608129E-01  1.16104443E+00  1.41354309E+00  5.98046341E-01  8.58521813E-01  1.47035803E+00  8.22532167E-01  6.82471854E-01  1.35983916E+00  1.05721720E+00  6.35920621E-01  1.17293811E+00  1.22423703E+00  7.14104343E-01  9.54384633E-01  1.29871197E+00  8.57745443E-01  8.10450342E-01  1.24130847E+00  1.02940859E+00  7.66469810E-01  1.10495376E+00  1.14991506E+00  8.18303679E-01  9.58650482E-01  1.19246951E+00  9.33566714E-01  8.50589398E-01  1.15771227E+00  1.04370795E+00  8.29655040E-01  1.05348328E+00  1.12505227E+00  8.87519937E-01  9.34481303E-01  1.14274997E+00  9.94928796E-01  8.47671726E-01  1.09633779E+00
  0.00000000E+00  2.36531870E-03  1.02091775E+00  1.89354437E+00  3.88543367E-01  5.85708643E-01  1.80349334E+00  8.36416747E-01  4.16810685E-01  1.48624091E+00  1.21611887E+00  4.46588893E-01  1.11610012E+00  1.45021149E+00  6.10736693E-01  8.16774565E-01  1.48166167E+00  8.60716712E-01  6.46364950E-01  1.34702402E+00  1.10584313E+00  6.18230737E-01  1.13022963E+00  1.27305114E+00  7.14178848E-01  9.18065815E-01  1.32047340E+00  8.78086257E-01  7.71528565E-01  1.25699313E+00  1.05131892E+00  7.37261647E-01  1.10459815E+00  1.17943515E+00  8.00110973E-01  9.38477429E-01  1.22910730E+00  9.21726534E-01  8.29380428E-01  1.17189791E+00  1.05687186E+00  8.08334332E-01  1.05061035E+00  1.15437190E+00  8.69013541E-01  9.21973533E-01  1.17219563E+00  9.81155531E-01  8.38024008E-01  1.10444844E+00
  0.00000000E+00  2.66586318E-03  1.02294402E+00  1.88530858E+00  3.95357744E-01  5.87359007E-01  1.80073998E+00  8.36738024E-01  4.16203130E-01  1.48265094E+00  1.22644685E+00  4.34678030E-01  1.12338881E+00  1.45311582E+00  6.03732974E-01  8.14325260E-01  1.49898072E+00  8.42942876E-01  6.38816001E-01  1.37061677E+00  1.09523684E+00  6.06774755E-01  1.14689050E+00  1.27735365E+00  6.94840450E-01  9.20666322E-01  1.34175409E+00  8.55618687E-01  7.71468281E-01  1.27666112E+00  1.03788988E+00  7.28654729E-01  1.11381007E+00  1.18781776E+00  7.88694521E-01  9.34425314E-01  1.24291820E+00  9.20536234E-01  8.06073232E-01  1.19347873E+00  1.07063399E+00  7.71156451E-01  1.06554465E+00  1.17959366E+00  8.40835246E-01  9.11698232E-01  1.20105735E+00  9.86113024E-01  8.02721534E-01  1.12540442E+00
  0.00000000E+00  1.82782896E-03  1.01711851E+00  1.89451484E+00  3.94514633E-01  5.85360030E-01  1.79583944E+00  8.46854881E-01  4.10019427E-01  1.47319442E+00  1.24009567E+00  4.44389087E-01  1.08883750E+00  1.46560924E+00  6.36300265E-01  7.84488521E-01  1.47825803E+00  8.95836519E-01  6.25721836E-01  1.31387583E+00  1.15567149E+00  6.22076623E-01  1.07951202E+00  1.30403898E+00  7.43997619E-01  8.64654593E-01  1.32764889E+00  9.23253327E-01  7.36723904E-01  1.23022874E+00  1.10605795E+00  7.26557206E-01  1.06049905E+00  1.21519709E+00  8.24063212E-01  8.89997702E-01  1.23721690E+00  9.65064653E-01  7.84121075E-01  1.16674417E+00  1.10539909E+00  7.77667481E-01  1.03222201E+00  1.19003029E+00  8.65734369E-01  8.76407846E-01  1.21428339E+00  9.99580330E-01  7.77069834E-01  1.13895699E+00
  0.00000000E+00  2.33927057E-03  1.01917758E+00  1.89479389E+00  3.88551315E-01  5.89691881E-01  1.79792690E+00  8.39826047E-01  4.08626417E-01  1.49087563E+00  1.23065017E+00  4.24499190E-01  1.11356743E+00  1.47764700E+00  5.94210194E-01  7.93453003E-01  1.52183730E+00  8.58282057E-01  6.03207495E-01  1.37354476E+00  1.13778025E+00  5.74072943E-01  1.11787123E+00  1.32913579E+00  6.92397101E-01  8.64752410E-01  1.38681487E+00  8.85637752E-01  7.04187524E-01  1.29208065E+00  1.09580399E+00  6.75907780E-01  1.09487686E+00  1.25480376E+00  7.60482073E-01  8.93225846E-01  1.29122831E+00  9.27758193E-01  7.63954970E-01  1.21454838E+00  1.08614697E+00  7.47610301E-01  1.06818814E+00  1.19358008E+00  8.33890971E-01  8.99370036E-01  1.21680962E+00  9.84567044E-01  7.86412214E-01  1.13672974E+00
  0.00000000E+00  2.73475807E-03  1.01429812E+00  1.89980741E+00  3.90089740E-01  5.81382798E-01  1.80617279E+00  8.36475622E-01  4.12397231E-01  1.47607148E+00  1.23940405E+00  4.39209609E-01  1.08878897E+00  1.48440220E+00  6.21358744E-01  7.66844605E-01  1.50736192E+00  8.97271410E-01  5.92117526E-01  1.34127301E+00  1.17122938E+00  5.89057575E-01  1.07439541E+00  1.34231782E+00  7.33663459E-01  8.27964196E-01  1.35771024E+00  9.46734357E-01  6.88111296E-01  1.24421331E+00  1.14577358E+00  6.86575693E-01  1.03860872E+00  1.27767447E+00  7.98382212E-01  8.44755605E-01  1.29058254E+00  9.78279674E-01  7.26926481E-01  1.19157461E+00  1.14446341E+00  7.30685848E-01  1.01558254E+00  1.24700836E+00  8.41143183E-01  8.50575446E-01  1.24655935E+00  1.00234789E+00  7.48868227E-01  1.15410645E+00
  0.00000000E+00  2.14959225E-03  1.01437054E+00  1.90373620E+00  3.83786740E-01  5.87996092E-01  1.80821335E+00  8.30094292E-01  4.12941514E-01  1.49137317E+00  1.21514845E+00  4.42924524E-01  1.11710478E+00  1.44931978E+00  6.21114934E-01  8.08851300E-01  1.47401928E+00  8.80709947E-01  6.37245583E-01  1.32750488E+00  1.13348560E+00  6.27475365E-01  1.08216871E+00  1.29893157E+00  7.47557977E-01  8.59448692E-01  1.33047358E+00  9.33649974E-01  7.31946143E-01  1.21960839E+00  1.12096075E+00  7.22552455E-01  1.04830785E+00  1.23545511E+00  8.14937564E-01  8.80735219E-01  1.24690155E+00  9.68874873E-01  7.89890418E-01  1.14516905E+00  1.11691280E+00  7.88016055E-01  1.01406218E+00  1.19521152E+00  8.67854443E-01  8.89754502E-01  1.19170702E+00  9.94005054E-01  8.10136978E-01  1.11853699E+00
  0.00000000E+00  2.36296296E-03  1.01991348E+00  1.89577259E+00  3.85057926E-01  5.84914815E-01  1.81180874E+00  8.30732741E-01  4.08501185E-01  1.49261778E+00  1.22739333E+00  4.27148148E-01  1.11313956E+00  1.47706519E+00  5.99802074E-01  7.91790370E-01  1.51474074E+00  8.65840741E-01  6.03883259E-01  1.37128726E+00  1.13146207E+00  5.82786963E-01  1.12627541E+00  1.31738489E+00  6.87698667E-01  8.86826074E-01  1.36668800E+00  8.78817333E-01  7.29406370E-01  1.28165985E+00  1.07271704E+00  7.01834963E-01  1.10390059E+00  1.21745615E+00  7.75351111E-01  9.24285037E-01  1.25606000E+00  9.22823556E-01  7.96939111E-01  1.19506741E+00  1.06899763E+00  7.80534667E-01  1.05920281E+00  1.17510474E+00  8.49495407E-01  9.06479852E-01  1.20039867E+00  9.81392444E-01  8.12607259E-01  1.11990637E+00
  0.00000000E+00  2.61081481E-03  1.02032681E+00  1.89662104E+00  3.81254815E-01  5.89510370E-01  1.81413244E+00  8.20981333E-01  4.15809630E-01  1.49673733E+00  1.21566770E+00  4.36132000E-01  1.12231111E+00  1.45478015E+00  6.06779852E-01  8.11699111E-01  1.48626133E+00  8.63722074E-01  6.39438222E-01  1.34978119E+00  1.11231407E+00  6.17476148E-01  1.11867304E+00  1.28320889E+00  7.23490074E-01  8.93977778E-01  1.32673274E+00  8.94863259E-01  7.59607556E-01  1.24800341E+00  1.06789719E+00  7.36585037E-01  1.09033630E+00  1.18768311E+00  8.05851407E-01  9.36209630E-01  1.22093659E+00  9.27766074E-01  8.32002222E-01  1.16793022E+00  1.05620504E+00  8.16275704E-01  1.04932978E+00  1.13699896E+00  8.86315407E-01  9.28381185E-01  1.14768341E+00  9.89552889E-01  8.54532593E-01  1.09195630E+00
  0.00000000E+00  2.19570370E-03  1.02309378E+00  1.89102815E+00  3.84924148E-01  5.93779556E-01  1.80841304E+00  8.17134074E-01  4.24471259E-01  1.50661837E+00  1.19311630E+00  4.41438370E-01  1.14558459E+00  1.42858267E+00  5.98178370E-01  8.53953333E-01  1.47486356E+00  8.19230667E-01  6.83712741E-01  1.36857037E+00  1.04833911E+00  6.39639259E-01  1.17932563E+00  1.20941526E+00  7.15026667E-01  9.78645037E-01  1.27469837E+00  8.38806667E-01  8.53426815E-01  1.24372015E+00  9.71087852E-01  7.99901630E-01  1.15764400E+00  1.06589822E+00  8.28359111E-01  1.04020637E+00  1.12180148E+00  8.94548889E-01  9.49994667E-01  1.12652652E+00  9.65606222E-01  9.14948000E-01  1.08039659E+00  1.01607185E+00  9.34183556E-01  1.01572237E+00  1.03343644E+00  9.88164148E-01  9.65029778E-01  1.02387363E+00
  0.00000000E+00  1.79769034E-03  1.02685290E+00  1.89133020E+00  3.76689915E-01  6.00667122E-01  1.80322644E+00  8.20710586E-01  4.25943952E-01  1.48948121E+00  1.21298941E+00  4.41584414E-01  1.13329568E+00  1.43326005E+00  6.04498522E-01  8.38399666E-01  1.47420312E+00  8.46561545E-01  6.58755212E-01  1.35012054E+00  1.08723599E+00  6.35695803E-01  1.13375028E+00  1.25749248E+00  7.25430976E-01  9.18814596E-01  1.30950699E+00  8.86035176E-01  7.69901195E-01  1.24982438E+00  1.05666540E+00  7.41651126E-01  1.09021707E+00  1.19209840E+00  8.12177495E-01  9.15702878E-01  1.23451646E+00  9.49725570E-01  7.95231092E-01  1.17416976E+00  1.08910444E+00  7.80419225E-01  1.05054532E+00  1.16914108E+00  8.57829328E-01  9.23366437E-01  1.16902964E+00  9.87721932E-01  8.35350112E-01  1.10461451E+00
  0.00000000E+00  1.79769034E-03  1.02685290E+00  1.89133020E+00  3.76689915E-01  6.00667122E-01  1.80322644E+00  8.20710586E-01  4.25943952E-01  1.48948121E+00  1.21298941E+00  4.41584414E-01  1.13329568E+00  1.43326005E+00  6.04498522E-01  8.38399666E-01  1.47420312E+00  8.46561545E-01  6.58755212E-01  1.35012054E+00  1.08723599E+00  6.35695803E-01  1.13375028E+00  1.25749248E+00  7.25430976E-01  9.18814596E-01  1.30950699E+00  8.86035176E-01  7.69901195E-01  1.24982438E+00  1.05666540E+00  7.41651126E-01  1.09021707E+00  1.19209840E+00  8.12177495E-01  9.15702878E-01  1.23451646E+00  9.49725570E-01  7.95231092E-01  1.17416976E+00  1.08910444E+00  7.80419225E-01  1.05054532E+00  1.16914108E+00  8.57829328E-01  9.23366437E-01  1.16902964E+00  9.87721932E-01  8.35350112E-01  1.10461451E+00
  0.00000000E+00  2.25762963E-03  1.01514296E+00  1.90258830E+00  3.82785481E-01  5.84872741E-01  1.81567778E+00  8.27165481E-01  4.05509333E-01  1.50361644E+00  1.21951007E+00  4.29610222E-01  1.12322548E+00  1.45548785E+00  6.07126222E-01  8.05819259E-01  1.49286963E+00  8.66566815E-01  6.27765037E-01  1.35041674E+00  1.12749259E+00  5.99203259E-01  1.11987941E+00  1.30971467E+00  6.92986667E-01  8.85177185E-01  1.37555985E+00  8.63433481E-01  7.34156593E-01  1.29653067E+00  1.05575230E+00  7.00723556E-01  1.12094815E+00  1.20569911E+00  7.72762667E-01  9.38366222E-01  1.25124830E+00  9.09617037E-01  8.07944000E-01  1.20762696E+00  1.04757941E+00  7.89566963E-01  1.07137570E+00  1.14908133E+00  8.63573185E-01  9.19454222E-01  1.17409630E+00  9.88402667E-01  8.25936593E-01  1.11143081E+00
  0.00000000E+00  2.24355556E-03  1.02072237E+00  1.89312815E+00  3.87878815E-01  5.79551407E-01  1.81657556E+00  8.30378074E-01  4.04838963E-01  1.50170193E+00  1.21914444E+00  4.33293333E-01  1.11689644E+00  1.46501630E+00  6.04036741E-01  7.98258815E-01  1.50728948E+00  8.59401630E-01  6.20102815E-01  1.36331111E+00  1.12008163E+00  5.96253481E-01  1.12830119E+00  1.30249644E+00  7.01865185E-01  8.78489333E-01  1.36173067E+00  8.98313037E-01  7.15680741E-01  1.26796296E+00  1.10724681E+00  6.79763556E-01  1.09156044E+00  1.24403541E+00  7.76255556E-01  8.86499259E-01  1.28526341E+00  9.42259407E-01  7.54048593E-01  1.20704519E+00  1.10927481E+00  7.35358667E-01  1.04948948E+00  1.22328593E+00  8.31798519E-01  8.71994074E-01  1.24189067E+00  9.92134963E-01  7.60388000E-01  1.14879600E+00
  0.00000000E+00  2.39644444E-03  1.01336741E+00  1.90555704E+00  3.79083259E-01  5.86113481E-01  1.81529807E+00  8.26237333E-01  4.07661037E-01  1.50294519E+00  1.22092015E+00  4.26644296E-01  1.12068563E+00  1.46574222E+00  6.00388741E-01  7.99887407E-01  1.50563570E+00  8.61556593E-01  6.20374519E-01  1.36533630E+00  1.11832533E+00  5.96363704E-01  1.12336089E+00  1.30675422E+00  7.00248296E-01  8.88978074E-01  1.35629067E+00  8.78470370E-01  7.47225185E-01  1.27351911E+00  1.05701156E+00  7.15131111E-01  1.11480074E+00  1.19371333E+00  7.80832889E-01  9.41583556E-01  1.24557970E+00  9.07372148E-01  8.26807111E-01  1.19338000E+00  1.04224237E+00  7.98527852E-01  1.07105807E+00  1.13591215E+00  8.79009481E-01  9.22968741E-01  1.16152830E+00  9.88881926E-01  8.40364889E-01  1.10126074E+00
  0.00000000E+00  2.23259259E-03  1.01534281E+00  1.90287733E+00  3.85769926E-01  5.70922370E-01  1.82218030E+00  8.38738667E-01  3.94395111E-01  1.49301230E+00  1.23937704E+00  4.26233185E-01  1.10258859E+00  1.48160800E+00  6.07247259E-01  7.77111852E-01  1.52033007E+00  8.77822963E-01  5.91785037E-01  1.36025867E+00  1.15753052E+00  5.75500148E-01  1.10087778E+00  1.34017348E+00  7.02650667E-01  8.55021630E-01  1.37197719E+00  9.08181926E-01  7.04856889E-01  1.26663852E+00  1.11046207E+00  6.87137185E-01  1.07664504E+00  1.25011289E+00  7.83398667E-01  8.84520296E-01  1.27371985E+00  9.54331407E-01  7.59346074E-01  1.18434637E+00  1.12041956E+00  7.52673926E-01  1.02739956E+00  1.22588474E+00  8.40702370E-01  8.68650222E-01  1.23045007E+00  9.94583852E-01  7.70933481E-01  1.14437289E+00
  0.00000000E+00  2.40778889E-03  1.00905974E+00  1.91341099E+00  3.80812733E-01  5.78502387E-01  1.81681054E+00  8.32088647E-01  3.99677588E-01  1.50790383E+00  1.21906563E+00  4.19597639E-01  1.13010317E+00  1.47279593E+00  5.78710025E-01  8.13314041E-01  1.53052760E+00  8.20691256E-01  6.27228108E-01  1.40013913E+00  1.08183327E+00  5.90721993E-01  1.16778890E+00  1.27709486E+00  6.77796580E-01  9.33071905E-01  1.34709600E+00  8.42735269E-01  7.76597345E-01  1.28925365E+00  1.01251308E+00  7.40806357E-01  1.14198842E+00  1.13865689E+00  8.04765385E-01  9.65794749E-01  1.20215127E+00  9.20973285E-01  8.49349944E-01  1.16323246E+00  1.04667811E+00  8.20929141E-01  1.05641554E+00  1.13216467E+00  8.86800896E-01  9.27161893E-01  1.14849209E+00  9.96185174E-01  8.40739160E-01  1.10069829E+00
  0.00000000E+00  2.19525926E-03  1.01341763E+00  1.90538415E+00  3.87520741E-01  5.68807852E-01  1.82133200E+00  8.38332444E-01  3.98097630E-01  1.48594089E+00  1.24853363E+00  4.25624444E-01  1.08329289E+00  1.50192030E+00  6.09406074E-01  7.55378370E-01  1.52987881E+00  8.94841778E-01  5.67501926E-01  1.35994044E+00  1.18721022E+00  5.53411556E-01  1.08458726E+00  1.37250296E+00  7.01385630E-01  8.14493333E-01  1.40650800E+00  9.25182519E-01  6.57086370E-01  1.28427259E+00  1.15146000E+00  6.40240148E-01  1.06722859E+00  1.30598281E+00  7.53616889E-01  8.41049333E-01  1.34461111E+00  9.45483556E-01  6.96346074E-01  1.23139363E+00  1.15943630E+00  6.76345185E-01  1.03527141E+00  1.29391852E+00  7.97518074E-01  8.21905778E-01  1.30971807E+00  9.96295852E-01  6.84146370E-01  1.19737793E+00
  0.00000000E+00  2.33866667E-03  1.01545556E+00  1.89902237E+00  3.91803852E-01  5.77049926E-01  1.80345363E+00  8.51004889E-01  4.03188741E-01  1.47443393E+00  1.24862593E+00  4.30067704E-01  1.09683407E+00  1.47403911E+00  6.19994667E-01  7.82772889E-01  1.49132341E+00  8.94599259E-01  6.13912593E-01  1.32990193E+00  1.15526059E+00  6.05117481E-01  1.08639541E+00  1.32129985E+00  7.29619852E-01  8.49248000E-01  1.34529037E+00  9.36620741E-01  7.06563852E-01  1.23436415E+00  1.13795156E+00  7.00208000E-01  1.03982089E+00  1.26411007E+00  8.11637481E-01  8.47036741E-01  1.28157393E+00  9.77804593E-01  7.39398519E-01  1.17323585E+00  1.15418578E+00  7.35216889E-01  1.00868296E+00  1.25354681E+00  8.40405630E-01  8.44351852E-01  1.25417378E+00  1.00045215E+00  7.40383704E-01  1.15955274E+00
  0.00000000E+00  2.57017761E-03  1.01870665E+00  1.89774473E+00  3.83713507E-01  5.91057084E-01  1.80724147E+00  8.28525898E-01  4.13469145E-01  1.49256175E+00  1.22102454E+00  4.32442792E-01  1.12563651E+00  1.45448641E+00  6.00028418E-01  8.16384304E-01  1.49074713E+00  8.57764230E-01  6.33736803E-01  1.36422007E+00  1.10487683E+00  6.11100041E-01  1.12693383E+00  1.28870533E+00  7.07208261E-01  9.00217100E-01  1.34304882E+00  8.82893515E-01  7.47761256E-01  1.26273242E+00  1.06929533E+00  7.17400413E-01  1.10752813E+00  1.19415299E+00  7.85093598E-01  9.48750268E-01  1.22975448E+00  9.08982569E-01  8.38661710E-01  1.17159901E+00  1.04829376E+00  8.13513755E-01  1.06261330E+00  1.13492639E+00  8.75592235E-01  9.36032053E-01  1.14670781E+00  9.89807518E-01  8.54013052E-01  1.09307592E+00
  0.00000000E+00  2.46900253E-03  1.02200303E+00  1.88934047E+00  3.92017422E-01  5.87978680E-01  1.79604672E+00  8.40852337E-01  4.16106988E-01  1.48240618E+00  1.22167409E+00  4.48118413E-01  1.10746893E+00  1.44637656E+00  6.34901423E-01  7.98531462E-01  1.46729036E+00  8.97211352E-01  6.28182432E-01  1.33014123E+00  1.13166119E+00  6.17178968E-01  1.10359541E+00  1.30092310E+00  7.18536860E-01  8.77178219E-01  1.35217724E+00  8.93799457E-01  7.30005697E-01  1.26804690E+00  1.08509393E+00  7.02177544E-01  1.09808948E+00  1.21141531E+00  7.89645872E-01  9.25454804E-01  1.24333333E+00  9.29137019E-01  8.08308220E-01  1.17982878E+00  1.07477773E+00  7.87251533E-01  1.05458703E+00  1.15836114E+00  8.69153661E-01  9.13848633E-01  1.17270709E+00  9.93042774E-01  8.27079267E-01  1.10782006E+00
  0.00000000E+00  2.23555556E-03  1.01330637E+00  1.90121496E+00  3.90589778E-01  5.76064296E-01  1.81080133E+00  8.44119259E-01  4.04906370E-01  1.47666844E+00  1.24195911E+00  4.36480148E-01  1.09754637E+00  1.46768563E+00  6.24489185E-01  7.93651556E-01  1.47904637E+00  8.91645778E-01  6.20858518E-01  1.32655452E+00  1.15132356E+00  6.11532741E-01  1.09032104E+00  1.30745156E+00  7.36545926E-01  8.61842519E-01  1.32792178E+00  9.37843111E-01  7.27089481E-01  1.22012089E+00  1.12488074E+00  7.15829185E-01  1.05493437E+00  1.23029985E+00  8.18131556E-01  8.76213630E-01  1.25436637E+00  9.70200593E-01  7.63932741E-01  1.16978044E+00  1.12750711E+00  7.54588741E-01  1.02538504E+00  1.22473393E+00  8.41863704E-01  8.70805778E-01  1.23111600E+00  9.89292296E-01  7.80752741E-01  1.13690237E+00
  0.00000000E+00  2.27155555E-03  1.00689837E+00  1.91433911E+00  3.85531556E-01  5.68683556E-01  1.81828281E+00  8.46262815E-01  3.84190815E-01  1.48795511E+00  1.26449007E+00  4.07336148E-01  1.08585230E+00  1.51657541E+00  6.01919407E-01  7.38175407E-01  1.55580548E+00  8.92137778E-01  5.45026370E-01  1.38430281E+00  1.18822000E+00  5.28826815E-01  1.08799304E+00  1.41008474E+00  6.68666667E-01  7.95341778E-01  1.45641526E+00  9.13784741E-01  6.17803556E-01  1.30589570E+00  1.18305526E+00  6.03031111E-01  1.04372474E+00  1.37121585E+00  7.32467852E-01  7.91225630E-01  1.39186578E+00  9.63959111E-01  6.39724148E-01  1.25750119E+00  1.19554267E+00  6.32766222E-01  1.02218919E+00  1.34857200E+00  7.65229037E-01  7.99002963E-01  1.35738622E+00  9.86299852E-01  6.54996148E-01  1.21450919E+00
  0.00000000E+00  2.42814815E-03  1.01568119E+00  1.89902667E+00  3.87317333E-01  5.82661778E-01  1.80736059E+00  8.38884593E-01  4.05248000E-01  1.48683689E+00  1.23452844E+00  4.34976000E-01  1.09668726E+00  1.47588207E+00  6.18774815E-01  7.77748741E-01  1.50008800E+00  8.95890815E-01  6.00705481E-01  1.34035481E+00  1.16194370E+00  5.89949037E-01  1.08755644E+00  1.33417244E+00  7.16671852E-01  8.42370519E-01  1.37174059E+00  9.26037481E-01  6.86530370E-01  1.26315141E+00  1.13629244E+00  6.67761778E-01  1.06385837E+00  1.28360207E+00  7.72275852E-01  8.50000889E-01  1.31917022E+00  9.57854963E-01  7.07028889E-01  1.22377348E+00  1.15079911E+00  6.89520000E-01  1.03944815E+00  1.27495156E+00  8.00985778E-01  8.52196148E-01  1.27405911E+00  9.89558222E-01  7.29553926E-01  1.16943689E+00
  0.00000000E+00  2.55981927E-03  1.01766562E+00  1.89904321E+00  3.83685726E-01  5.89520969E-01  1.80144696E+00  8.33906548E-01  4.19067710E-01  1.48877020E+00  1.21096729E+00  4.51134816E-01  1.10895269E+00  1.45448963E+00  6.16504073E-01  7.99410080E-01  1.49792462E+00  8.60539646E-01  6.34298874E-01  1.35573135E+00  1.11207045E+00  6.13108057E-01  1.12284269E+00  1.28683562E+00  7.22056765E-01  8.81286114E-01  1.34044705E+00  9.02035923E-01  7.43732818E-01  1.25038469E+00  1.07467974E+00  7.30547124E-01  1.08240041E+00  1.20133305E+00  8.09089983E-01  9.15059978E-01  1.23398880E+00  9.46153430E-01  8.01575188E-01  1.17408203E+00  1.08256793E+00  7.88838774E-01  1.04266514E+00  1.17516737E+00  8.61025678E-01  9.06609552E-01  1.18313638E+00  9.91954467E-01  8.17287928E-01  1.11475038E+00
  0.00000000E+00  2.35096296E-03  1.01728800E+00  1.89782889E+00  3.89889926E-01  5.77624889E-01  1.80836133E+00  8.43853333E-01  4.02520593E-01  1.48424904E+00  1.23678800E+00  4.34004593E-01  1.10561496E+00  1.46197585E+00  6.24390667E-01  7.90669481E-01  1.47746993E+00  9.03529037E-01  6.13821333E-01  1.32421689E+00  1.16043778E+00  6.02982667E-01  1.07701970E+00  1.33022044E+00  7.33912000E-01  8.43370074E-01  1.34607719E+00  9.41788741E-01  6.98022074E-01  1.24091185E+00  1.13973541E+00  6.87163852E-01  1.05723481E+00  1.26154385E+00  7.94131704E-01  8.72107852E-01  1.27117393E+00  9.60494074E-01  7.68783259E-01  1.16468104E+00  1.13302919E+00  7.59598222E-01  1.00762281E+00  1.23418889E+00  8.47366815E-01  8.61496741E-01  1.23396015E+00  9.94626074E-01  7.71924889E-01  1.14127956E+00
  0.00000000E+00  2.20916445E-03  1.02177766E+00  1.88713419E+00  3.93356747E-01  5.91234034E-01  1.79065439E+00  8.45172828E-01  4.20281868E-01  1.46433698E+00  1.24180122E+00  4.47671665E-01  1.08439056E+00  1.47207438E+00  6.34750627E-01  7.67414111E-01  1.49757065E+00  9.00534318E-01  6.00940309E-01  1.33153586E+00  1.16586759E+00  6.00149939E-01  1.07377955E+00  1.33647740E+00  7.31837693E-01  8.36077716E-01  1.35419545E+00  9.41166644E-01  6.97793237E-01  1.23920288E+00  1.13915470E+00  6.91033965E-01  1.05161571E+00  1.26360725E+00  7.98295436E-01  8.62770498E-01  1.27776397E+00  9.64746574E-01  7.48801087E-01  1.18957660E+00  1.12089648E+00  7.48843712E-01  1.03186021E+00  1.21513876E+00  8.53622405E-01  8.65779939E-01  1.22654599E+00  1.00193945E+00  7.62314977E-01  1.14763594E+00
  0.00000000E+00  2.36770370E-03  1.01290193E+00  1.90224563E+00  3.90795259E-01  5.74608593E-01  1.80989630E+00  8.46806963E-01  3.98832296E-01  1.48101200E+00  1.25084074E+00  4.23581185E-01  1.08868459E+00  1.49463837E+00  6.10882667E-01  7.63543852E-01  1.52146904E+00  8.92770963E-01  5.83182074E-01  1.34779259E+00  1.17765156E+00  5.70309926E-01  1.08211926E+00  1.35980593E+00  7.06503111E-01  8.22736593E-01  1.39856281E+00  9.24691111E-01  6.59490370E-01  1.27770533E+00  1.16315052E+00  6.34727704E-01  1.06145541E+00  1.31369496E+00  7.62316148E-01  8.26486519E-01  1.34227881E+00  9.60186963E-01  6.95729482E-01  1.22104489E+00  1.15642830E+00  6.96746222E-01  1.03176459E+00  1.26553363E+00  8.14990370E-01  8.41460148E-01  1.27777319E+00  9.95329778E-01  7.23310667E-01  1.17249630E+00
  0.00000000E+00  2.33752387E-03  1.02118922E+00  1.89188896E+00  3.88694240E-01  5.84605123E-01  1.81360609E+00  8.25397605E-01  4.13144635E-01  1.50123757E+00  1.20797491E+00  4.42161472E-01  1.13201765E+00  1.42891542E+00  6.18848471E-01  8.27426914E-01  1.46130477E+00  8.69651863E-01  6.64915817E-01  1.31053981E+00  1.11951127E+00  6.45354460E-01  1.09768901E+00  1.26870912E+00  7.57651070E-01  8.77337152E-01  1.29963475E+00  9.47140023E-01  7.39344888E-01  1.20199856E+00  1.13254631E+00  7.21375189E-01  1.03327283E+00  1.25024771E+00  8.19429443E-01  8.55863523E-01  1.26989635E+00  9.81830197E-01  7.41418830E-01  1.17636267E+00  1.15141288E+00  7.38144759E-01  1.01029309E+00  1.24720722E+00  8.43961913E-01  8.46585584E-01  1.25047980E+00  9.95970146E-01  7.53303330E-01  1.15350319E+00
  0.00000000E+00  2.15405130E-03  1.01209682E+00  1.90831865E+00  3.84101792E-01  5.72989782E-01  1.81930660E+00  8.38066942E-01  3.95008540E-01  1.49556649E+00  1.23867748E+00  4.23621449E-01  1.10220589E+00  1.48746179E+00  6.03211525E-01  7.78703854E-01  1.51850369E+00  8.72129480E-01  6.02809391E-01  1.36128221E+00  1.13916067E+00  5.89829498E-01  1.11347627E+00  1.31404381E+00  7.08094510E-01  8.74911153E-01  1.35119367E+00  9.02914719E-01  7.23131667E-01  1.26195029E+00  1.09766646E+00  6.97029246E-01  1.08608204E+00  1.23243827E+00  7.86557893E-01  8.95884574E-01  1.27576666E+00  9.33382476E-01  7.70982860E-01  1.20441058E+00  1.09360317E+00  7.49932728E-01  1.05604309E+00  1.20233234E+00  8.36720005E-01  8.93712993E-01  1.21168599E+00  9.95693845E-01  7.78723780E-01  1.13976163E+00
  0.00000000E+00  2.30133333E-03  1.00868489E+00  1.91034356E+00  3.89487407E-01  5.62892741E-01  1.82032578E+00  8.52990222E-01  3.82707407E-01  1.48632919E+00  1.26163274E+00  4.13918519E-01  1.08016356E+00  1.51042889E+00  6.11319407E-01  7.48500741E-01  1.53578800E+00  8.93230963E-01  5.71782222E-01  1.35412785E+00  1.18255511E+00  5.63628148E-01  1.08245348E+00  1.36747733E+00  7.05388148E-01  8.14918667E-01  1.40303200E+00  9.26354370E-01  6.60664000E-01  1.27641941E+00  1.15210815E+00  6.46957926E-01  1.05989970E+00  1.30101511E+00  7.72613926E-01  8.29574815E-01  1.32991511E+00  9.73468296E-01  6.88549185E-01  1.22092711E+00  1.16570326E+00  6.81825037E-01  1.02417526E+00  1.29672000E+00  8.01325185E-01  8.21016741E-01  1.31035541E+00  9.94291852E-01  6.88014667E-01  1.19503052E+00
  0.00000000E+00  2.52719046E-03  1.01660206E+00  1.89602410E+00  3.93067302E-01  5.87422997E-01  1.79625924E+00  8.35583399E-01  4.24670017E-01  1.47614330E+00  1.21945902E+00  4.56005830E-01  1.11145915E+00  1.43896916E+00  6.28157139E-01  8.10451362E-01  1.47126207E+00  8.74045288E-01  6.39399852E-01  1.33987949E+00  1.12593535E+00  6.10596232E-01  1.10097516E+00  1.31673388E+00  7.08615462E-01  8.72145001E-01  1.37160924E+00  8.76893326E-01  7.30055034E-01  1.28366071E+00  1.06707996E+00  7.02993996E-01  1.11887518E+00  1.19557143E+00  7.81891804E-01  9.38984817E-01  1.23841708E+00  9.21629905E-01  8.24570173E-01  1.16670104E+00  1.07159445E+00  8.02534369E-01  1.04107500E+00  1.16552162E+00  8.61451101E-01  9.22273775E-01  1.16953232E+00  9.86515053E-01  8.37627904E-01  1.10388497E+00
  0.00000000E+00  2.23659259E-03  1.01060578E+00  1.90972859E+00  3.83265481E-01  5.80272000E-01  1.80858519E+00  8.41191852E-01  4.07272296E-01  1.47838015E+00  1.23858163E+00  4.37242222E-01  1.09790059E+00  1.47005007E+00  6.23004444E-01  7.82081037E-01  1.49365052E+00  8.91320148E-01  6.07186519E-01  1.34418933E+00  1.14692119E+00  5.96133481E-01  1.10335156E+00  1.31518548E+00  7.20925778E-01  8.64141926E-01  1.35048222E+00  9.15214963E-01  7.15863259E-01  1.25817244E+00  1.10295644E+00  6.96665630E-01  1.08420681E+00  1.23441274E+00  7.80637481E-01  9.13014074E-01  1.25685867E+00  9.28084000E-01  7.99925333E-01  1.19319289E+00  1.06480993E+00  7.85388741E-01  1.05785778E+00  1.15852356E+00  8.70283556E-01  9.20508444E-01  1.16096978E+00  9.89570963E-01  8.41477926E-01  1.10085185E+00
  0.00000000E+00  2.06227341E-03  1.00629089E+00  1.91268543E+00  3.88729793E-01  5.66679889E-01  1.81817104E+00  8.54637236E-01  3.82542120E-01  1.47024270E+00  1.27963489E+00  4.11421199E-01  1.08187887E+00  1.50656729E+00  6.12658563E-01  7.49158882E-01  1.52512732E+00  9.08468330E-01  5.58453402E-01  1.35612924E+00  1.19726296E+00  5.49066325E-01  1.08291064E+00  1.39139945E+00  6.73622094E-01  8.33127746E-01  1.41351802E+00  8.93697164E-01  6.65574749E-01  1.32115974E+00  1.10907102E+00  6.37008317E-01  1.10801536E+00  1.27882832E+00  7.39431862E-01  8.71523139E-01  1.33227341E+00  9.27953935E-01  7.14707614E-01  1.24831222E+00  1.12287993E+00  6.86687140E-01  1.06781872E+00  1.26013734E+00  7.93919812E-01  8.53338452E-01  1.28249307E+00  9.97306888E-01  6.99959480E-01  1.18878908E+00
  0.00000000E+00  1.78029630E-03  1.01525763E+00  1.90570948E+00  3.81485778E-01  5.75790370E-01  1.82374163E+00  8.30113185E-01  3.93732444E-01  1.50491822E+00  1.23466563E+00  4.15208000E-01  1.10396341E+00  1.49793867E+00  5.96417333E-01  7.68427111E-01  1.54105763E+00  8.67765037E-01  5.83564593E-01  1.37309852E+00  1.15963511E+00  5.61790222E-01  1.10026711E+00  1.36300119E+00  6.83328296E-01  8.42180444E-01  1.39991704E+00  9.03044889E-01  6.82456593E-01  1.28137437E+00  1.13043022E+00  6.62598667E-01  1.06189304E+00  1.29467067E+00  7.62300444E-01  8.62053778E-01  1.30967733E+00  9.41056593E-01  7.42001037E-01  1.20645289E+00  1.12515526E+00  7.29204593E-01  1.03583333E+00  1.24540163E+00  8.18540148E-01  8.68000000E-01  1.24810726E+00  9.85047407E-01  7.62907407E-01  1.15037141E+00
  0.00000000E+00  2.13699141E-03  1.02069387E+00  1.89115196E+00  3.91154867E-01  5.90442537E-01  1.80283273E+00  8.29339098E-01  4.20554311E-01  1.49594169E+00  1.20151342E+00  4.47650035E-01  1.12550309E+00  1.44527539E+00  6.08173863E-01  8.20278296E-01  1.48540293E+00  8.53703911E-01  6.45224586E-01  1.36112521E+00  1.08512401E+00  6.34715068E-01  1.13707291E+00  1.24532537E+00  7.31007424E-01  9.35767077E-01  1.28226411E+00  8.90855833E-01  8.14683132E-01  1.20976193E+00  1.03449981E+00  7.94160964E-01  1.09000311E+00  1.12741819E+00  8.48001742E-01  9.74265688E-01  1.14955746E+00  9.36133300E-01  8.96860769E-01  1.11679814E+00  1.02282257E+00  8.77506118E-01  1.04931981E+00  1.08195720E+00  9.13374393E-01  9.57735059E-01  1.10588445E+00  9.81115259E-01  9.08729211E-01  1.06251441E+00
  0.00000000E+00  2.50474074E-03  1.01745926E+00  1.89692370E+00  3.89077037E-01  5.84808148E-01  1.80162548E+00  8.39184296E-01  4.14932741E-01  1.47986193E+00  1.23071126E+00  4.39647259E-01  1.10485215E+00  1.46562637E+00  6.15466815E-01  7.90037037E-01  1.50160563E+00  8.69950963E-01  6.17565037E-01  1.36202222E+00  1.12079452E+00  6.00224000E-01  1.11264681E+00  1.30936726E+00  7.14626222E-01  8.68327556E-01  1.35860444E+00  9.06851852E-01  7.11815407E-01  1.26663363E+00  1.10573748E+00  6.88053778E-01  1.08240444E+00  1.24342252E+00  7.81513926E-01  8.84577778E-01  1.28681837E+00  9.43761185E-01  7.49911407E-01  1.20437837E+00  1.12355778E+00  7.25809778E-01  1.04261081E+00  1.23930444E+00  8.24230667E-01  8.64056444E-01  1.24963067E+00  9.93415704E-01  7.49484889E-01  1.15689911E+00
  0.00000000E+00  1.93244444E-03  1.00597274E+00  1.91034000E+00  3.94695111E-01  5.57199556E-01  1.81729244E+00  8.66430370E-01  3.75593926E-01  1.47522252E+00  1.27928222E+00  4.11155852E-01  1.06958415E+00  1.51943659E+00  6.19313037E-01  7.27430222E-01  1.54107022E+00  9.14516889E-01  5.46789185E-01  1.35477956E+00  1.20852681E+00  5.41568296E-01  1.07262267E+00  1.39632711E+00  6.91113778E-01  8.01106519E-01  1.42187733E+00  9.32603407E-01  6.34074963E-01  1.28759837E+00  1.17318726E+00  6.26500296E-01  1.05609763E+00  1.32215807E+00  7.53118370E-01  8.29772444E-01  1.35011007E+00  9.53442519E-01  6.84318963E-01  1.23954800E+00  1.15469526E+00  6.78506667E-01  1.04296089E+00  1.28718074E+00  7.90968741E-01  8.37162074E-01  1.30081452E+00  9.85533185E-01  7.03518519E-01  1.18828281E+00
  0.00000000E+00  2.37214815E-03  1.01351630E+00  1.90475704E+00  3.85119556E-01  5.81581037E-01  1.80730030E+00  8.40533037E-01  4.06457778E-01  1.48183022E+00  1.24148059E+00  4.29139852E-01  1.09999600E+00  1.48228459E+00  6.04068148E-01  7.91303259E-01  1.50776193E+00  8.64029630E-01  6.19841630E-01  1.35926726E+00  1.12728637E+00  5.89794815E-01  1.12726474E+00  1.30960281E+00  6.89695852E-01  8.90553778E-01  1.36470607E+00  8.73216593E-01  7.43966815E-01  1.26867807E+00  1.07323956E+00  7.11769481E-01  1.09643881E+00  1.20984252E+00  7.93497185E-01  9.19083556E-01  1.24051689E+00  9.40528741E-01  8.04958222E-01  1.17491170E+00  1.07287733E+00  7.96845481E-01  1.05164163E+00  1.14845363E+00  8.78151111E-01  9.22340444E-01  1.15934993E+00  9.86614370E-01  8.50032000E-01  1.09483452E+00
  0.00000000E+00  2.00933333E-03  1.01283496E+00  1.90552207E+00  3.86644889E-01  5.79178074E-01  1.81019985E+00  8.39074963E-01  4.02398519E-01  1.48784830E+00  1.23942311E+00  4.29275556E-01  1.10343941E+00  1.47255393E+00  6.12608741E-01  7.90372741E-01  1.49529896E+00  8.83332741E-01  6.12208148E-01  1.34457600E+00  1.14360281E+00  5.96173778E-01  1.10650844E+00  1.31269126E+00  7.16629926E-01  8.67216000E-01  1.36023081E+00  8.98345333E-01  7.24520741E-01  1.26091778E+00  1.09592741E+00  7.02980741E-01  1.08483348E+00  1.22149378E+00  7.93484296E-01  9.06684444E-01  1.25407452E+00  9.44418667E-01  7.80678518E-01  1.18678652E+00  1.09248711E+00  7.71438815E-01  1.04270459E+00  1.19171244E+00  8.55936296E-01  8.83221037E-01  1.21479393E+00  9.94300593E-01  7.85056296E-01  1.13468267E+00
  0.00000000E+00  2.64406881E-03  1.01229139E+00  1.90506454E+00  3.86077274E-01  5.72020690E-01  1.81949885E+00  8.39387354E-01  4.02743941E-01  1.48925171E+00  1.23029753E+00  4.36253168E-01  1.10144918E+00  1.46675640E+00  6.21567540E-01  7.89410905E-01  1.50151805E+00  8.67696092E-01  6.26764452E-01  1.35366723E+00  1.11235906E+00  6.21724652E-01  1.11295293E+00  1.28352861E+00  7.26810661E-01  8.86969860E-01  1.32790538E+00  9.06694988E-01  7.48336464E-01  1.25229884E+00  1.06844111E+00  7.26797543E-01  1.10028322E+00  1.18673732E+00  8.05923442E-01  9.37604567E-01  1.21600364E+00  9.33150881E-01  8.35761560E-01  1.15838267E+00  1.06085860E+00  8.14062845E-01  1.05709120E+00  1.13206720E+00  8.75503682E-01  9.43944787E-01  1.13941836E+00  9.83859225E-01  8.67943237E-01  1.08555645E+00
  0.00000000E+00  2.54955571E-03  1.02394289E+00  1.88916883E+00  3.88238627E-01  5.92553657E-01  1.79658647E+00  8.33588061E-01  4.20742614E-01  1.48887841E+00  1.21255214E+00  4.43038961E-01  1.12540898E+00  1.44634617E+00  6.09470191E-01  8.10910306E-01  1.49383398E+00  8.55101997E-01  6.33267259E-01  1.36639295E+00  1.10255077E+00  6.11450140E-01  1.12947839E+00  1.28827159E+00  7.07174755E-01  8.96465254E-01  1.34599058E+00  8.75441179E-01  7.55187210E-01  1.26627128E+00  1.06437427E+00  7.20462976E-01  1.09921546E+00  1.20195747E+00  7.93056733E-01  9.20161009E-01  1.24628177E+00  9.35569530E-01  7.94994608E-01  1.17855654E+00  1.09497425E+00  7.70562771E-01  1.04102544E+00  1.20003858E+00  8.48453254E-01  8.87985570E-01  1.20912828E+00  9.94184097E-01  7.91174299E-01  1.13032323E+00
  0.00000000E+00  2.35037037E-03  1.01694519E+00  1.89893052E+00  3.87287556E-01  5.83926815E-01  1.80763763E+00  8.35430963E-01  4.10085926E-01  1.48171348E+00  1.23358948E+00  4.39281926E-01  1.10326059E+00  1.46169748E+00  6.21047704E-01  7.93075407E-01  1.48994000E+00  8.81342370E-01  6.21982667E-01  1.33801615E+00  1.13830059E+00  6.09504148E-01  1.10084667E+00  1.30523452E+00  7.27303852E-01  8.65011556E-01  1.34486504E+00  9.17008148E-01  7.22283556E-01  1.24926593E+00  1.10512696E+00  7.05955407E-01  1.07214474E+00  1.23497215E+00  8.00070074E-01  8.83017481E-01  1.26460385E+00  9.56382370E-01  7.64152000E-01  1.18832622E+00  1.10995733E+00  7.57388296E-01  1.03628385E+00  1.21054341E+00  8.45955407E-01  8.82943704E-01  1.21244681E+00  9.98922370E-01  7.84209778E-01  1.13276489E+00
  0.00000000E+00  5.39094650E-03  1.04559671E+00  1.82283951E+00  4.35102881E-01  6.30679012E-01  1.77952675E+00  7.29320988E-01  5.83662551E-01  1.52683128E+00  9.84465021E-01  6.07345679E-01  1.21442387E+00  1.15481482E+00  7.63703704E-01  9.93312757E-01  1.17777778E+00  9.28374486E-01  9.10720164E-01  1.04985597E+00  1.08561728E+00  8.86111111E-01  9.42695473E-01  1.17763374E+00  9.10699589E-01  9.14362140E-01  1.14518519E+00  9.30082305E-01  9.33827161E-01  1.05065844E+00  1.04415638E+00  9.57448560E-01  9.79609053E-01  9.93209877E-01  1.07551440E+00  9.20164609E-01  9.61625515E-01  1.11563786E+00  9.76255143E-01  8.73703704E-01  1.17106996E+00  9.58209877E-01  8.80349794E-01  1.12866255E+00  1.00446502E+00  8.77818930E-01  1.16131687E+00  1.03872428E+00  7.64938272E-01  1.12983539E+00
  0.00000000E+00  2.45247373E-03  1.00931397E+00  1.90934034E+00  3.88268587E-01  5.67010666E-01  1.82080017E+00  8.45292242E-01  3.88571260E-01  1.49979297E+00  1.23332664E+00  4.30496320E-01  1.10306175E+00  1.47136498E+00  6.13608061E-01  8.04385012E-01  1.47604755E+00  8.76487976E-01  6.44200811E-01  1.33645019E+00  1.10345141E+00  6.51833747E-01  1.09578896E+00  1.26445979E+00  7.58858976E-01  9.05583501E-01  1.26945133E+00  9.24570000E-01  7.99853584E-01  1.19557642E+00  1.05737041E+00  7.91599166E-01  1.07451096E+00  1.13156768E+00  8.59990160E-01  9.63479356E-01  1.14504585E+00  9.48796001E-01  8.94396033E-01  1.10190144E+00  1.04548313E+00  8.77151572E-01  1.03341205E+00  1.08986579E+00  9.17917109E-01  9.61675129E-01  1.09234345E+00  9.85459125E-01  9.23025151E-01  1.04864407E+00
  0.00000000E+00  2.76459259E-03  1.01317230E+00  1.89996385E+00  3.88863259E-01  5.82834370E-01  1.80707615E+00  8.36540148E-01  4.15016444E-01  1.47408815E+00  1.23601422E+00  4.46688296E-01  1.09196030E+00  1.46390637E+00  6.36043111E-01  7.86590519E-01  1.46846726E+00  9.08836000E-01  6.19021333E-01  1.31214430E+00  1.16905481E+00  6.07125926E-01  1.06793733E+00  1.33850489E+00  7.36104444E-01  8.26801333E-01  1.35928119E+00  9.48613037E-01  6.80744741E-01  1.24768667E+00  1.15293585E+00  6.70744148E-01  1.04356044E+00  1.29468222E+00  7.83190074E-01  8.31887556E-01  1.31761274E+00  9.73360148E-01  7.03067556E-01  1.20379689E+00  1.17293141E+00  6.92068741E-01  1.01693704E+00  1.29095793E+00  8.08026370E-01  8.26216148E-01  1.29851052E+00  9.90362370E-01  7.07040296E-01  1.18359956E+00
  0.00000000E+00  2.21481481E-03  1.01001422E+00  1.90850074E+00  3.88149037E-01  5.66539556E-01  1.82119659E+00  8.45695852E-01  3.85964000E-01  1.49058563E+00  1.25962252E+00  4.10300889E-01  1.08603215E+00  1.51155200E+00  6.07654815E-01  7.47682074E-01  1.53316267E+00  8.96180296E-01  5.65854519E-01  1.36090889E+00  1.18509778E+00  5.57380889E-01  1.07674830E+00  1.37919037E+00  7.10136593E-01  7.91224148E-01  1.41832933E+00  9.40540000E-01  6.30350963E-01  1.28416563E+00  1.17972178E+00  6.23020889E-01  1.04538711E+00  1.34074356E+00  7.58994815E-01  8.01071259E-01  1.35907496E+00  9.81243704E-01  6.48819259E-01  1.23765467E+00  1.20332459E+00  6.41871852E-01  1.01209911E+00  1.35177496E+00  7.71889630E-01  7.87710963E-01  1.35532400E+00  9.92438074E-01  6.54743556E-01  1.21544933E+00
  0.00000000E+00  1.95573487E-03  1.01983479E+00  1.90275022E+00  3.74106064E-01  5.89441622E-01  1.82000880E+00  8.14752109E-01  4.19517998E-01  1.50789350E+00  1.19175583E+00  4.45293385E-01  1.14960417E+00  1.41904330E+00  6.03916451E-01  8.51041542E-01  1.47057946E+00  8.30282593E-01  6.75810586E-01  1.35322192E+00  1.07148569E+00  6.43716378E-01  1.14279787E+00  1.24102610E+00  7.23805373E-01  9.31921864E-01  1.30919871E+00  8.73318722E-01  7.83615428E-01  1.24271170E+00  1.05693382E+00  7.39962476E-01  1.09396327E+00  1.19278276E+00  8.03470645E-01  9.23896194E-01  1.23248356E+00  9.39002457E-01  8.08340473E-01  1.16013847E+00  1.10425234E+00  7.81976655E-01  1.02384672E+00  1.20243159E+00  8.54133460E-01  8.88119313E-01  1.21102228E+00  9.84278243E-01  8.05044498E-01  1.12284618E+00
  0.00000000E+00  2.39807407E-03  1.01685230E+00  1.89781926E+00  3.88432000E-01  5.82794963E-01  1.80390741E+00  8.40964593E-01  4.10151852E-01  1.48322785E+00  1.23327570E+00  4.36262074E-01  1.09790785E+00  1.47277541E+00  6.19363556E-01  7.87327556E-01  1.49141793E+00  8.88235111E-01  6.11583259E-01  1.34548963E+00  1.14285333E+00  5.98652000E-01  1.09937185E+00  1.31817037E+00  7.16714370E-01  8.65988296E-01  1.35324681E+00  9.10999111E-01  7.18115704E-01  1.26086815E+00  1.09689378E+00  7.07118815E-01  1.07587837E+00  1.22608652E+00  8.04577630E-01  8.92370667E-01  1.24905719E+00  9.55319556E-01  7.77404296E-01  1.18532785E+00  1.09904089E+00  7.67479556E-01  1.03878267E+00  1.19258267E+00  8.61881185E-01  8.78334667E-01  1.21112296E+00  1.00242178E+00  7.80456444E-01  1.13602948E+00
  0.00000000E+00  2.23227125E-03  1.01716444E+00  1.89651697E+00  3.89886689E-01  5.81345184E-01  1.80423203E+00  8.43059064E-01  4.05373807E-01  1.49097493E+00  1.22799816E+00  4.34331306E-01  1.10686609E+00  1.46279259E+00  6.26033058E-01  7.78019474E-01  1.49884956E+00  8.97379108E-01  5.98324584E-01  1.34069130E+00  1.15945631E+00  5.95589341E-01  1.08914670E+00  1.32039520E+00  7.30608140E-01  8.53492212E-01  1.34548227E+00  9.27693054E-01  7.13724206E-01  1.24530693E+00  1.11519830E+00  7.07882080E-01  1.06216869E+00  1.23342568E+00  8.05640453E-01  8.95136095E-01  1.24466327E+00  9.57107958E-01  7.89080340E-01  1.16342828E+00  1.10045619E+00  7.89511929E-01  1.02402689E+00  1.18775629E+00  8.69914756E-01  8.91851621E-01  1.18823276E+00  9.94508031E-01  8.14897690E-01  1.11548105E+00
  0.00000000E+00  2.20108020E-03  1.01741907E+00  1.89613332E+00  3.93892975E-01  5.74744519E-01  1.80444853E+00  8.53573535E-01  4.00370074E-01  1.47031056E+00  1.25568543E+00  4.29030132E-01  1.08900615E+00  1.48355737E+00  6.22094482E-01  7.64588530E-01  1.50483122E+00  9.06434282E-01  5.87349430E-01  1.33535782E+00  1.18197722E+00  5.82276943E-01  1.06797943E+00  1.36200441E+00  7.15746722E-01  8.16506947E-01  1.38778933E+00  9.40931670E-01  6.60832534E-01  1.26476886E+00  1.16327844E+00  6.47780265E-01  1.04734072E+00  1.31183367E+00  7.74484774E-01  8.25537611E-01  1.32661283E+00  9.74334648E-01  6.93235085E-01  1.22097058E+00  1.15554880E+00  6.94623530E-01  1.03473031E+00  1.27336389E+00  8.08385922E-01  8.38013893E-01  1.28613225E+00  9.93607114E-01  7.13323739E-01  1.17835270E+00
  0.00000000E+00  2.38574718E-03  1.00346408E+00  1.91752605E+00  3.86103110E-01  5.66152675E-01  1.81931429E+00  8.48327674E-01  3.85890411E-01  1.48746517E+00  1.25886508E+00  4.14875307E-01  1.10048433E+00  1.49082660E+00  6.03709948E-01  7.84757444E-01  1.50214495E+00  8.83825079E-01  6.03278305E-01  1.35493931E+00  1.14792413E+00  5.84025290E-01  1.10953401E+00  1.32663466E+00  7.00188893E-01  8.72191000E-01  1.36041369E+00  8.92876322E-01  7.37645084E-01  1.25231472E+00  1.09370878E+00  7.15225774E-01  1.07225266E+00  1.22173789E+00  7.94755493E-01  9.20457792E-01  1.23545525E+00  9.33194005E-01  8.23577645E-01  1.15623658E+00  1.08012138E+00  7.96848534E-01  1.04445732E+00  1.17408266E+00  8.52669086E-01  9.14347266E-01  1.19586114E+00  9.70490185E-01  8.23903914E-01  1.11586660E+00
  0.00000000E+00  1.69439113E-03  1.00631425E+00  1.91678290E+00  3.84869908E-01  5.66613350E-01  1.81303476E+00  8.52745255E-01  4.04522286E-01  1.46348475E+00  1.25363990E+00  4.48088612E-01  1.08247547E+00  1.46278204E+00  6.33993922E-01  7.90893048E-01  1.47071710E+00  8.96378226E-01  6.37257411E-01  1.31704894E+00  1.13485071E+00  6.47436020E-01  1.07715611E+00  1.26297238E+00  7.86054063E-01  8.82182768E-01  1.25358819E+00  9.64505225E-01  7.85810407E-01  1.17378652E+00  1.08144914E+00  8.02349115E-01  1.03222009E+00  1.16353327E+00  8.84585733E-01  9.13448497E-01  1.15805875E+00  9.80920239E-01  8.68510343E-01  1.08942099E+00  1.07135317E+00  8.81702388E-01  9.91225741E-01  1.11189006E+00  9.34623587E-01  9.24795265E-01  1.11688260E+00  9.94715291E-01  8.93082747E-01  1.06688740E+00
  0.00000000E+00  0.00000000E+00  9.70526316E-01  1.97725146E+00  3.82339181E-01  5.86432749E-01  1.73801170E+00  9.32690059E-01  2.27485380E-01  1.58134503E+00  1.33801170E+00  3.07426901E-01  9.88713450E-01  1.76011696E+00  5.48011696E-01  5.74093567E-01  1.71941520E+00  9.75380116E-01  2.75146199E-01  1.56467836E+00  1.20298246E+00  3.91637427E-01  1.13619883E+00  1.58286550E+00  5.37777778E-01  6.73274854E-01  1.62573100E+00  9.11988304E-01  4.88888889E-01  1.42818713E+00  1.12777778E+00  5.69122807E-01  1.13754386E+00  1.32543860E+00  7.14035088E-01  7.62046784E-01  1.53666667E+00  8.53742690E-01  6.26023392E-01  1.25461988E+00  1.24695906E+00  5.43157895E-01  1.13274854E+00  1.25087719E+00  7.94561403E-01  8.37192983E-01  1.31374269E+00  1.02426901E+00  6.30701755E-01  1.22549708E+00
  0.00000000E+00  2.19614815E-03  1.01614948E+00  1.90161970E+00  3.85334667E-01  5.75531556E-01  1.81930874E+00  8.35322963E-01  4.00334222E-01  1.49160059E+00  1.23812593E+00  4.29676889E-01  1.09820326E+00  1.47917141E+00  6.12687407E-01  7.76135704E-01  1.51178030E+00  8.81468000E-01  6.01724148E-01  1.35212474E+00  1.15057704E+00  5.90411556E-01  1.09200370E+00  1.33755511E+00  7.11347259E-01  8.46594222E-01  1.37646978E+00  9.14155407E-01  6.88705482E-01  1.26565585E+00  1.13321881E+00  6.71629481E-01  1.06377674E+00  1.28217348E+00  7.72751852E-01  8.61023852E-01  1.30318444E+00  9.48739704E-01  7.42818074E-01  1.20433422E+00  1.11965052E+00  7.36914074E-01  1.03562074E+00  1.22468696E+00  8.43329185E-01  8.66718667E-01  1.23663244E+00  9.89554074E-01  7.71288000E-01  1.14331674E+00
  0.00000000E+00  2.90328364E-03  1.02024947E+00  1.89741509E+00  3.82389478E-01  5.78975718E-01  1.83128887E+00  8.12415348E-01  4.08079248E-01  1.51226858E+00  1.20974412E+00  4.24795092E-01  1.14065827E+00  1.45466037E+00  5.79160135E-01  8.35653143E-01  1.50650172E+00  8.18386353E-01  6.49110445E-01  1.39735925E+00  1.06114902E+00  6.09653962E-01  1.16902105E+00  1.26000256E+00  6.84857589E-01  9.41423339E-01  1.34682880E+00  8.27207879E-01  7.83698837E-01  1.30054480E+00  1.00035680E+00  7.26132626E-01  1.17214615E+00  1.13268403E+00  7.74821218E-01  1.00608729E+00  1.20660315E+00  8.67798781E-01  8.86255571E-01  1.19891706E+00  9.67327493E-01  8.49707751E-01  1.12024896E+00  1.04182419E+00  8.97210696E-01  1.00835997E+00  1.07114390E+00  9.82122074E-01  9.25018442E-01  1.05216536E+00
  0.00000000E+00  1.98954145E-03  1.02666689E+00  1.88205546E+00  3.90979720E-01  6.11389493E-01  1.77969635E+00  8.24264716E-01  4.54736009E-01  1.47258629E+00  1.18390108E+00  4.74597587E-01  1.13785666E+00  1.40499308E+00  6.11325555E-01  8.65187529E-01  1.45113462E+00  8.26560104E-01  6.97599587E-01  1.35809571E+00  1.04409597E+00  6.47573880E-01  1.17305825E+00  1.20736625E+00  7.28043636E-01  9.76044207E-01  1.25865489E+00  8.70714961E-01  8.38398480E-01  1.20951486E+00  1.02371498E+00  7.96667765E-01  1.09504361E+00  1.12462725E+00  8.50514139E-01  9.67808318E-01  1.14655922E+00  9.49972096E-01  8.88477578E-01  1.10667370E+00  1.04239602E+00  8.80185881E-01  1.02123855E+00  1.10593501E+00  9.14801485E-01  9.44902336E-01  1.10799420E+00  9.94363369E-01  8.92863577E-01  1.06951289E+00
  0.00000000E+00  2.62806045E-03  1.01956084E+00  1.89782636E+00  3.82966187E-01  5.95918617E-01  1.79446487E+00  8.36712023E-01  4.19692182E-01  1.47735754E+00  1.23174545E+00  4.37024999E-01  1.10529675E+00  1.46899422E+00  6.07977902E-01  8.00353174E-01  1.50414458E+00  8.53482298E-01  6.32855915E-01  1.35634251E+00  1.11292621E+00  6.10671955E-01  1.11870897E+00  1.29816556E+00  7.14376088E-01  8.83770770E-01  1.33718880E+00  9.05582640E-01  7.35756970E-01  1.25225619E+00  1.09114701E+00  7.15569743E-01  1.08155478E+00  1.21463382E+00  8.00549214E-01  9.18001333E-01  1.22886653E+00  9.45824466E-01  8.14081168E-01  1.15813052E+00  1.08950409E+00  7.95039874E-01  1.04024097E+00  1.16172245E+00  8.73310118E-01  9.14169945E-01  1.16644591E+00  9.93857398E-01  8.31857226E-01  1.10407816E+00
  0.00000000E+00  2.07185185E-03  1.02171644E+00  1.88743793E+00  3.97383556E-01  5.83420741E-01  1.79195244E+00  8.53573185E-01  4.06644000E-01  1.46687156E+00  1.25617200E+00  4.35526222E-01  1.07458119E+00  1.49143674E+00  6.29752889E-01  7.52688148E-01  1.51520770E+00  9.05545630E-01  5.75318370E-01  1.34811985E+00  1.18139748E+00  5.76826963E-01  1.06986711E+00  1.35563259E+00  7.30080000E-01  8.05418370E-01  1.38487511E+00  9.54232593E-01  6.56201630E-01  1.24858296E+00  1.17956163E+00  6.55797185E-01  1.02882785E+00  1.31862563E+00  7.83638815E-01  8.16328444E-01  1.32422222E+00  9.82746815E-01  6.90071852E-01  1.20462726E+00  1.18196993E+00  6.81392148E-01  1.01176504E+00  1.31241985E+00  7.98558667E-01  8.07881481E-01  1.31881215E+00  9.98413185E-01  6.80232148E-01  1.19890578E+00
  0.00000000E+00  1.96340741E-03  1.01782356E+00  1.90325570E+00  3.78509037E-01  5.78325778E-01  1.82658519E+00  8.23767407E-01  3.97270815E-01  1.51258741E+00  1.22099541E+00  4.23298815E-01  1.12171556E+00  1.47049630E+00  5.97167259E-01  7.95735111E-01  1.51577378E+00  8.55588444E-01  6.15375259E-01  1.37342756E+00  1.12015867E+00  5.88700444E-01  1.12579600E+00  1.30817926E+00  7.01526370E-01  8.79086963E-01  1.36387407E+00  8.84533926E-01  7.30314519E-01  1.27192222E+00  1.08271659E+00  7.00954222E-01  1.08969363E+00  1.23144978E+00  7.86948296E-01  8.90563407E-01  1.27251319E+00  9.51340000E-01  7.57481037E-01  1.19848726E+00  1.10895881E+00  7.45839259E-01  1.04796785E+00  1.20922696E+00  8.39285778E-01  8.81276741E-01  1.22592059E+00  9.93493333E-01  7.72517185E-01  1.14294519E+00
  0.00000000E+00  2.46800000E-03  1.01909052E+00  1.89636815E+00  3.86776889E-01  5.88290815E-01  1.80437526E+00  8.30389333E-01  4.16512741E-01  1.48824370E+00  1.22169215E+00  4.38878370E-01  1.11084607E+00  1.46288074E+00  6.09475704E-01  8.05252444E-01  1.48984770E+00  8.72226518E-01  6.26910370E-01  1.34103630E+00  1.13524104E+00  6.04186667E-01  1.10442385E+00  1.31183067E+00  7.17198963E-01  8.69470074E-01  1.34903674E+00  9.09973037E-01  7.21019556E-01  1.25638519E+00  1.10247007E+00  6.99717185E-01  1.08270756E+00  1.23342504E+00  7.90285333E-01  8.94506222E-01  1.26212889E+00  9.50230667E-01  7.72046519E-01  1.18463170E+00  1.11050074E+00  7.56347259E-01  1.03169393E+00  1.21801867E+00  8.42333333E-01  8.77887111E-01  1.22481215E+00  9.93879407E-01  7.76328444E-01  1.13905556E+00
  0.00000000E+00  2.43822222E-03  1.01909807E+00  1.88817778E+00  4.00669778E-01  5.85709630E-01  1.78687170E+00  8.57425481E-01  4.06498370E-01  1.46579793E+00  1.25474356E+00  4.32226963E-01  1.08892563E+00  1.48690400E+00  6.10147111E-01  7.85239259E-01  1.50544430E+00  8.69833333E-01  6.16829926E-01  1.36286370E+00  1.12418281E+00  5.91137778E-01  1.13321496E+00  1.29546252E+00  6.95001926E-01  9.06524296E-01  1.34673659E+00  8.67414667E-01  7.56586963E-01  1.27586815E+00  1.05317170E+00  7.14720444E-01  1.12172785E+00  1.18387763E+00  7.86526222E-01  9.47189037E-01  1.23412830E+00  9.12095111E-01  8.29951111E-01  1.17791185E+00  1.05443215E+00  8.05017481E-01  1.05792296E+00  1.14668415E+00  8.69127704E-01  9.30449926E-01  1.15890430E+00  9.87013926E-01  8.47237481E-01  1.09726859E+00
  0.00000000E+00  2.41286863E-03  1.02020426E+00  1.89225456E+00  3.86870080E-01  5.83537597E-01  1.82269331E+00  8.19494872E-01  4.13048215E-01  1.49953360E+00  1.21232904E+00  4.35771309E-01  1.12448274E+00  1.44508873E+00  6.19628920E-01  7.99181242E-01  1.48809524E+00  8.83207371E-01  6.12519682E-01  1.34152645E+00  1.16312609E+00  5.72493298E-01  1.09581897E+00  1.36396953E+00  6.87089663E-01  8.20848547E-01  1.42075493E+00  9.08791438E-01  6.55662794E-01  1.29196306E+00  1.15828248E+00  6.23697604E-01  1.06726329E+00  1.32953317E+00  7.41801779E-01  8.29536150E-01  1.35738414E+00  9.53580152E-01  6.68958679E-01  1.24366271E+00  1.17721265E+00  6.62123495E-01  1.03158347E+00  1.30585642E+00  7.99339972E-01  8.16445381E-01  1.29681391E+00  1.01571429E+00  6.77975659E-01  1.19416954E+00
  0.00000000E+00  2.46984793E-03  1.02587543E+00  1.88755054E+00  3.91342423E-01  5.84825497E-01  1.79996795E+00  8.41731049E-01  4.10309969E-01  1.48043815E+00  1.24390258E+00  4.17778943E-01  1.11059838E+00  1.48446076E+00  5.99264115E-01  7.66699878E-01  1.53316262E+00  8.82098701E-01  5.71756103E-01  1.36791878E+00  1.18344404E+00  5.39734895E-01  1.10544252E+00  1.37529162E+00  6.72849735E-01  8.36248908E-01  1.41539300E+00  8.97926353E-01  6.68020160E-01  1.29337412E+00  1.13691429E+00  6.46867098E-01  1.06181320E+00  1.31628270E+00  7.44553400E-01  8.53195246E-01  1.33878343E+00  9.36153936E-01  7.15698887E-01  1.22450970E+00  1.13761347E+00  7.14213133E-01  1.02914467E+00  1.24760590E+00  8.32001981E-01  8.47117637E-01  1.26365496E+00  9.98024821E-01  7.42360893E-01  1.15694692E+00
  0.00000000E+00  2.00120937E-03  1.02073107E+00  1.89172971E+00  3.92134845E-01  5.78541497E-01  1.80580378E+00  8.47324263E-01  3.99477853E-01  1.48214119E+00  1.25059592E+00  4.23290098E-01  1.08705971E+00  1.49761300E+00  6.15894180E-01  7.47855480E-01  1.53288103E+00  8.98197430E-01  5.67544369E-01  1.34980499E+00  1.19493968E+00  5.59207559E-01  1.06688738E+00  1.39012457E+00  6.95330008E-01  8.08186546E-01  1.40995374E+00  9.41544671E-01  6.40651247E-01  1.26448526E+00  1.19305125E+00  6.22485563E-01  1.02836614E+00  1.36567226E+00  7.42776115E-01  7.94596221E-01  1.38182192E+00  9.66201663E-01  6.51815873E-01  1.25114951E+00  1.17913228E+00  6.49455178E-01  1.02913379E+00  1.32940983E+00  7.75135601E-01  8.06170824E-01  1.34195072E+00  9.89674074E-01  6.60223432E-01  1.21317884E+00
  0.00000000E+00  2.47837037E-03  1.02176993E+00  1.89192356E+00  3.85880000E-01  5.97750370E-01  1.79131911E+00  8.38653630E-01  4.21095111E-01  1.48029615E+00  1.22016637E+00  4.44609630E-01  1.11806889E+00  1.44720993E+00  6.11225481E-01  8.12724296E-01  1.49111896E+00  8.56144741E-01  6.30722667E-01  1.37514430E+00  1.09461126E+00  6.04227259E-01  1.15058578E+00  1.26934607E+00  7.02845926E-01  9.18103852E-01  1.33596385E+00  8.67640593E-01  7.65596296E-01  1.26959467E+00  1.04667556E+00  7.29905185E-01  1.10683333E+00  1.18900385E+00  8.01029630E-01  9.21359852E-01  1.23796889E+00  9.40914963E-01  7.95798222E-01  1.18168904E+00  1.08977096E+00  7.72608000E-01  1.04393230E+00  1.19050296E+00  8.59445630E-01  8.86488000E-01  1.20516889E+00  9.97972444E-01  7.88888148E-01  1.13056044E+00
  0.00000000E+00  1.97970370E-03  1.01388607E+00  1.89683304E+00  3.98217037E-01  5.76440741E-01  1.79253674E+00  8.62228889E-01  4.09950963E-01  1.45373719E+00  1.25924252E+00  4.41306074E-01  1.07314400E+00  1.48506963E+00  6.37223556E-01  7.52198222E-01  1.49479274E+00  9.36405481E-01  5.71975556E-01  1.30505096E+00  1.23817570E+00  5.61110667E-01  1.02215304E+00  1.42246993E+00  7.14509778E-01  7.57779556E-01  1.43106015E+00  9.70194518E-01  5.98887852E-01  1.28160904E+00  1.21140341E+00  6.04107704E-01  1.03101244E+00  1.37058489E+00  7.37565778E-01  8.01826815E-01  1.37577052E+00  9.53202667E-01  6.74725037E-01  1.24025111E+00  1.16649763E+00  6.73044593E-01  1.03376000E+00  1.28982000E+00  7.97769037E-01  8.35709481E-01  1.29338148E+00  9.89135704E-01  7.13565778E-01  1.18002993E+00
  0.00000000E+00  2.14207407E-03  1.01276341E+00  1.90483526E+00  3.85548000E-01  5.84649926E-01  1.80936000E+00  8.31579556E-01  4.11640148E-01  1.49575941E+00  1.21098430E+00  4.44190519E-01  1.12404800E+00  1.44043141E+00  6.19685630E-01  8.15140296E-01  1.48294341E+00  8.56433185E-01  6.43335704E-01  1.35154622E+00  1.10634341E+00  6.16358667E-01  1.12863807E+00  1.28420889E+00  7.04935704E-01  9.08744741E-01  1.34002578E+00  8.66660296E-01  7.75122667E-01  1.25028859E+00  1.04879911E+00  7.47268741E-01  1.09498859E+00  1.18120815E+00  8.13952444E-01  9.33539556E-01  1.21728874E+00  9.32353778E-01  8.31540000E-01  1.15774030E+00  1.07105896E+00  8.09876000E-01  1.04521481E+00  1.14431259E+00  8.82803407E-01  9.17041333E-01  1.16625941E+00  9.87595407E-01  8.40409185E-01  1.10173956E+00
  0.00000000E+00  3.22876702E-03  1.01515459E+00  1.89733243E+00  3.93010607E-01  5.78682013E-01  1.80139773E+00  8.55114722E-01  4.06213797E-01  1.44896938E+00  1.26581810E+00  4.49011510E-01  1.05847664E+00  1.49567893E+00  6.35883548E-01  7.58348003E-01  1.49043256E+00  9.09787858E-01  6.03066275E-01  1.33588505E+00  1.15305951E+00  6.04543745E-01  1.07964267E+00  1.32813812E+00  7.27501693E-01  8.32334311E-01  1.38254796E+00  9.27771007E-01  6.73793726E-01  1.26937486E+00  1.15312270E+00  6.41870157E-01  1.06308809E+00  1.30153690E+00  7.63949447E-01  8.38229895E-01  1.34357632E+00  9.54157075E-01  6.82350109E-01  1.24423080E+00  1.15040096E+00  6.69520800E-01  1.05997292E+00  1.27622057E+00  7.97795080E-01  8.27646882E-01  1.30745806E+00  9.93442413E-01  6.91590311E-01  1.19297375E+00
  0.00000000E+00  2.32977778E-03  1.00746370E+00  1.90823778E+00  3.93970370E-01  5.72485630E-01  1.79374519E+00  8.68698222E-01  4.02090815E-01  1.45640978E+00  1.25992193E+00  4.45629037E-01  1.06568222E+00  1.49289378E+00  6.30921630E-01  7.59684444E-01  1.50883881E+00  8.91611704E-01  5.97930963E-01  1.35231896E+00  1.14402296E+00  5.96987111E-01  1.10606859E+00  1.30581096E+00  7.21798815E-01  8.78513333E-01  1.33684252E+00  9.11798370E-01  7.32034222E-01  1.25189615E+00  1.08354356E+00  7.23436444E-01  1.08307926E+00  1.20918385E+00  7.99874222E-01  9.12760296E-01  1.24465511E+00  9.40134074E-01  8.01030519E-01  1.17806207E+00  1.07955467E+00  7.90439259E-01  1.03952430E+00  1.17249674E+00  8.66468593E-01  9.11227111E-01  1.17377778E+00  9.94566074E-01  8.21672296E-01  1.11120933E+00
  0.00000000E+00  2.53111111E-03  1.01408607E+00  1.90456844E+00  3.85383407E-01  5.72043704E-01  1.81496015E+00  8.47038074E-01  3.88658667E-01  1.48864504E+00  1.25441215E+00  4.18732000E-01  1.08121600E+00  1.51121230E+00  6.12833185E-01  7.45705778E-01  1.52452252E+00  9.14844148E-01  5.51390519E-01  1.34963719E+00  1.21507126E+00  5.44041926E-01  1.05741941E+00  1.40824948E+00  7.02154222E-01  7.76685037E-01  1.43058044E+00  9.54587259E-01  6.06258519E-01  1.28268667E+00  1.21106341E+00  5.99323852E-01  1.02798222E+00  1.37980356E+00  7.44146222E-01  7.77743111E-01  1.38814933E+00  9.83443852E-01  6.26285630E-01  1.24280296E+00  1.22637467E+00  6.19050222E-01  1.01037215E+00  1.36458104E+00  7.70312741E-01  7.84013630E-01  1.35699570E+00  9.97330963E-01  6.43447111E-01  1.21995630E+00
  0.00000000E+00  2.35627785E-03  1.01415710E+00  1.90835011E+00  3.77389350E-01  5.79747002E-01  1.82145420E+00  8.30904041E-01  3.93059726E-01  1.50388702E+00  1.24075252E+00  4.05935740E-01  1.11449234E+00  1.48821115E+00  5.96712791E-01  7.90100493E-01  1.51160396E+00  8.74870164E-01  5.94028146E-01  1.37006006E+00  1.14515888E+00  5.71013955E-01  1.11689670E+00  1.32952011E+00  6.98351096E-01  8.64950833E-01  1.36620837E+00  9.06954209E-01  7.12316434E-01  1.25709533E+00  1.11905239E+00  6.89536988E-01  1.06792989E+00  1.25259043E+00  7.89095959E-01  8.81994936E-01  1.27262753E+00  9.50477340E-01  7.68729710E-01  1.18008067E+00  1.11530864E+00  7.56058411E-01  1.03023455E+00  1.22166166E+00  8.40774893E-01  8.73130974E-01  1.22839644E+00  9.93352176E-01  7.75964003E-01  1.13979764E+00
  0.00000000E+00  2.14589389E-03  1.01424650E+00  1.90157165E+00  3.86690989E-01  5.86843250E-01  1.80377014E+00  8.38914991E-01  4.07995294E-01  1.49030630E+00  1.22644777E+00  4.35870163E-01  1.11250282E+00  1.45741927E+00  6.08923098E-01  8.12135809E-01  1.49008325E+00  8.59398074E-01  6.38696684E-01  1.35626802E+00  1.10583892E+00  6.08490439E-01  1.13980621E+00  1.27401792E+00  7.08032271E-01  9.13044828E-01  1.33687805E+00  8.63392063E-01  7.76375986E-01  1.25802673E+00  1.04084179E+00  7.41192778E-01  1.11404105E+00  1.16897590E+00  7.99564375E-01  9.51352752E-01  1.21875423E+00  9.22089933E-01  8.33806332E-01  1.17556505E+00  1.04740800E+00  8.15900219E-01  1.05606494E+00  1.13390026E+00  8.86738842E-01  9.27082518E-01  1.14416148E+00  1.00480572E+00  8.34224753E-01  1.10272903E+00
  0.00000000E+00  2.29124005E-03  1.02225180E+00  1.89748062E+00  3.77382935E-01  5.96582025E-01  1.80782814E+00  8.14052484E-01  4.32308987E-01  1.49193766E+00  1.19940554E+00  4.52165188E-01  1.12960546E+00  1.42960789E+00  6.17900948E-01  8.35342738E-01  1.45928176E+00  8.60183239E-01  6.62021388E-01  1.33972605E+00  1.09021524E+00  6.41104892E-01  1.13143769E+00  1.24659234E+00  7.38433068E-01  9.14801517E-01  1.29616140E+00  9.02004247E-01  7.75813273E-01  1.22769678E+00  1.06947380E+00  7.52641790E-01  1.07721972E+00  1.18354630E+00  8.29642017E-01  9.18404247E-01  1.21384922E+00  9.55080167E-01  8.10746454E-01  1.16107668E+00  1.08276253E+00  7.93066667E-01  1.03985408E+00  1.17521380E+00  8.66265605E-01  8.92519985E-01  1.20061251E+00  9.96440652E-01  7.94685173E-01  1.12861540E+00
  0.00000000E+00  2.38503704E-03  1.00893615E+00  1.90769393E+00  3.90513926E-01  5.67898963E-01  1.81358726E+00  8.53811111E-01  3.90548148E-01  1.47442281E+00  1.26752000E+00  4.16002667E-01  1.08030237E+00  1.50939185E+00  6.12317185E-01  7.50846519E-01  1.52413289E+00  9.05583704E-01  5.67780889E-01  1.34619289E+00  1.19681111E+00  5.59337481E-01  1.06578148E+00  1.38800370E+00  7.02974963E-01  8.01109778E-01  1.40771452E+00  9.41116148E-01  6.44933481E-01  1.27158237E+00  1.17634193E+00  6.38079556E-01  1.03930385E+00  1.32942415E+00  7.64897333E-01  8.12582815E-01  1.34521911E+00  9.77333185E-01  6.70008148E-01  1.21819200E+00  1.19781185E+00  6.62818222E-01  1.00826756E+00  1.32665393E+00  7.92596000E-01  7.97613926E-01  1.33695363E+00  9.96718518E-01  6.63930815E-01  1.20935348E+00
