# PIMCID: 031c5df5-2122-4874-ad61-2cw3p0dR0p00
#      0.000E+00       1.000E+00       2.000E+00       3.000E+00       4.000E+00       5.000E+00       6.000E+00       7.000E+00       8.000E+00       9.000E+00       1.000E+01       1.100E+01       1.200E+01       1.300E+01       1.400E+01       1.500E+01       1.600E+01       1.700E+01       1.800E+01       1.900E+01       2.000E+01       2.100E+01       2.200E+01       2.300E+01       2.400E+01       2.500E+01       2.600E+01       2.700E+01       2.800E+01       2.900E+01       3.000E+01       3.100E+01       3.200E+01       3.300E+01       3.400E+01       3.500E+01       3.600E+01       3.700E+01       3.800E+01       3.900E+01       4.000E+01       4.100E+01       4.200E+01       4.300E+01       4.400E+01       4.500E+01       4.600E+01       4.700E+01       4.800E+01       4.900E+01
  0.00000000E+00  2.46226146E-03  1.01832289E+00  1.89290247E+00  3.94524827E-01  5.79086363E-01  1.79821988E+00  8.56999114E-01  3.94826577E-01  1.47532501E+00  1.25500965E+00  4.36707332E-01  1.07071774E+00  1.49418257E+00  6.31581854E-01  7.52382354E-01  1.51832368E+00  8.90039242E-01  5.91722206E-01  1.35287731E+00  1.15455378E+00  5.82372227E-01  1.11079528E+00  1.32324836E+00  7.01067914E-01  8.71784075E-01  1.37311339E+00  8.88233805E-01  7.09296813E-01  1.29398905E+00  1.08029162E+00  6.79978006E-01  1.11868619E+00  1.21891832E+00  7.70934998E-01  9.11330264E-01  1.27700070E+00  9.23020982E-01  7.72161303E-01  1.20536409E+00  1.09546631E+00  7.48286022E-01  1.05445584E+00  1.21464777E+00  8.31781227E-01  8.77160828E-01  1.23759613E+00  9.91013323E-01  7.56268236E-01  1.15430314E+00
  0.00000000E+00  2.88201245E-03  1.02665477E+00  1.88786221E+00  3.86591954E-01  5.83965270E-01  1.80907415E+00  8.33253688E-01  4.19998694E-01  1.48582800E+00  1.21464261E+00  4.56555251E-01  1.11112620E+00  1.43201912E+00  6.28387228E-01  8.35929408E-01  1.43377435E+00  8.78404491E-01  6.87753696E-01  1.28420493E+00  1.11301055E+00  6.74660312E-01  1.09502082E+00  1.23452438E+00  7.74806546E-01  9.09443937E-01  1.26562272E+00  9.25581524E-01  7.98741930E-01  1.20264801E+00  1.04421828E+00  7.96087102E-01  1.08235598E+00  1.12472400E+00  8.64400778E-01  9.60071666E-01  1.14385574E+00  9.53881708E-01  9.00464813E-01  1.10209877E+00  1.01375390E+00  9.07359533E-01  1.05488271E+00  1.03326370E+00  9.48633271E-01  9.96736156E-01  1.03082329E+00  9.94767521E-01  9.69097648E-01  1.01888802E+00
  0.00000000E+00  2.37861049E-03  1.02256503E+00  1.89412079E+00  3.88547968E-01  5.74111358E-01  1.81845440E+00  8.33687601E-01  3.97924591E-01  1.49591708E+00  1.23770205E+00  4.17318913E-01  1.10939867E+00  1.49113476E+00  5.91036834E-01  7.81193948E-01  1.53354093E+00  8.53006485E-01  5.92683988E-01  1.39225806E+00  1.12987234E+00  5.69695638E-01  1.12161974E+00  1.34563128E+00  6.77996983E-01  8.50687644E-01  1.40838592E+00  8.89352251E-01  6.73726480E-01  1.31811783E+00  1.09741510E+00  6.56170663E-01  1.11513557E+00  1.24687659E+00  7.52103843E-01  9.00483237E-01  1.29775224E+00  9.31464363E-01  7.41334378E-01  1.23327501E+00  1.09447317E+00  7.28793286E-01  1.07610132E+00  1.19150745E+00  8.40854913E-01  8.94384384E-01  1.21097692E+00  1.00050079E+00  7.73326515E-01  1.13833544E+00
  0.00000000E+00  1.74116145E-03  1.01092687E+00  1.91909039E+00  3.64278336E-01  5.99104032E-01  1.81885248E+00  8.05712379E-01  4.21824143E-01  1.50773933E+00  1.20030741E+00  4.32059886E-01  1.15029856E+00  1.44728439E+00  5.69023951E-01  8.50730150E-01  1.50450276E+00  8.04283269E-01  6.56864256E-01  1.39672383E+00  1.05932657E+00  6.10044247E-01  1.17067502E+00  1.26092716E+00  6.80676474E-01  9.44873424E-01  1.34239413E+00  8.26751679E-01  7.93193919E-01  1.28881606E+00  9.94465915E-01  7.65149207E-01  1.13415952E+00  1.12998781E+00  8.19102291E-01  9.69677068E-01  1.18968490E+00  9.11757700E-01  8.68936328E-01  1.15984898E+00  1.02850561E+00  8.47093470E-01  1.04577563E+00  1.11813379E+00  8.92749996E-01  9.55368847E-01  1.11024590E+00  9.95417301E-01  8.90119250E-01  1.06812755E+00
  0.00000000E+00  2.63477561E-03  1.01475110E+00  1.90291448E+00  3.87592067E-01  5.75404327E-01  1.81468056E+00  8.32951761E-01  4.11091157E-01  1.48119915E+00  1.23695442E+00  4.35391374E-01  1.10568561E+00  1.46793636E+00  6.13103515E-01  7.97126129E-01  1.49180792E+00  8.61807043E-01  6.52129455E-01  1.35317913E+00  1.08313292E+00  6.44204824E-01  1.14143352E+00  1.21683960E+00  7.47476546E-01  9.58985157E-01  1.25455349E+00  8.79260835E-01  8.41298047E-01  1.21167244E+00  1.00005654E+00  8.16876882E-01  1.12049377E+00  1.07549027E+00  8.45123573E-01  1.02721750E+00  1.11088339E+00  9.13651194E-01  9.49992649E-01  1.10917629E+00  9.64408563E-01  9.34739025E-01  1.08253991E+00  9.84315620E-01  9.51307498E-01  1.04110393E+00  9.95968459E-01  9.86561297E-01  1.00054803E+00  1.00568123E+00
  0.00000000E+00  2.26979910E-03  1.00787970E+00  1.90978000E+00  3.87781598E-01  5.80266014E-01  1.80247417E+00  8.47604487E-01  4.05524822E-01  1.47005852E+00  1.25784411E+00  4.31304023E-01  1.07877307E+00  1.49357330E+00  6.16826240E-01  7.68618187E-01  1.51270563E+00  8.78960601E-01  6.13537185E-01  1.34495112E+00  1.14442083E+00  5.91214426E-01  1.10085812E+00  1.33265493E+00  6.97778820E-01  8.49701863E-01  1.40745394E+00  8.80993211E-01  6.87248181E-01  1.30477418E+00  1.10756455E+00  6.49062527E-01  1.09834557E+00  1.27583841E+00  7.42989530E-01  8.75448073E-01  1.32333316E+00  9.32593982E-01  7.17994131E-01  1.24244396E+00  1.12677693E+00  6.94635099E-01  1.04372940E+00  1.27900939E+00  8.01897519E-01  8.39807956E-01  1.28754007E+00  9.98317272E-01  7.04838256E-01  1.18333646E+00
  0.00000000E+00  2.26979910E-03  1.00787970E+00  1.90978000E+00  3.87781598E-01  5.80266014E-01  1.80247417E+00  8.47604487E-01  4.05524822E-01  1.47005852E+00  1.25784411E+00  4.31304023E-01  1.07877307E+00  1.49357330E+00  6.16826240E-01  7.68618187E-01  1.51270563E+00  8.78960601E-01  6.13537185E-01  1.34495112E+00  1.14442083E+00  5.91214426E-01  1.10085812E+00  1.33265493E+00  6.97778820E-01  8.49701863E-01  1.40745394E+00  8.80993211E-01  6.87248181E-01  1.30477418E+00  1.10756455E+00  6.49062527E-01  1.09834557E+00  1.27583841E+00  7.42989530E-01  8.75448073E-01  1.32333316E+00  9.32593982E-01  7.17994131E-01  1.24244396E+00  1.12677693E+00  6.94635099E-01  1.04372940E+00  1.27900939E+00  8.01897519E-01  8.39807956E-01  1.28754007E+00  9.98317272E-01  7.04838256E-01  1.18333646E+00
  0.00000000E+00  2.54174695E-03  1.01263137E+00  1.90893764E+00  3.76872774E-01  5.83365738E-01  1.82278668E+00  8.22259006E-01  4.04898698E-01  1.51427425E+00  1.20666506E+00  4.28618993E-01  1.14023078E+00  1.44649866E+00  5.92320167E-01  8.30545776E-01  1.50320152E+00  8.18082706E-01  6.56262772E-01  1.38542827E+00  1.06050885E+00  6.16855258E-01  1.17693919E+00  1.23896129E+00  6.98453757E-01  9.64134554E-01  1.29895633E+00  8.46699218E-01  8.19297162E-01  1.25958341E+00  9.86421440E-01  7.83471419E-01  1.14678315E+00  1.09241724E+00  8.23138174E-01  1.01888261E+00  1.13500380E+00  9.15279529E-01  9.22311555E-01  1.13118278E+00  9.84176593E-01  8.99434373E-01  1.07780887E+00  1.02160901E+00  9.38748321E-01  1.00932738E+00  1.03141896E+00  9.84290740E-01  9.77300023E-01  1.01751576E+00
  0.00000000E+00  1.72625216E-03  1.02140328E+00  1.89846632E+00  3.78161197E-01  5.94358952E-01  1.81619545E+00  8.00921416E-01  4.35365573E-01  1.52791767E+00  1.15607945E+00  4.48047208E-01  1.18502274E+00  1.38834974E+00  5.84626943E-01  8.97535694E-01  1.45956362E+00  7.87833046E-01  7.15828440E-01  1.38036586E+00  9.97708693E-01  6.71542314E-01  1.20849252E+00  1.17143898E+00  6.77257340E-01  1.05973921E+00  1.25629505E+00  7.72502015E-01  9.11728555E-01  1.27678929E+00  8.77315486E-01  8.42961140E-01  1.20925936E+00  1.00468739E+00  8.18721934E-01  1.09064853E+00  1.11818826E+00  8.38818077E-01  9.80577432E-01  1.17534456E+00  8.87939551E-01  9.21641623E-01  1.14227058E+00  9.66444732E-01  9.20807714E-01  1.06353944E+00  1.01995193E+00  9.68619747E-01  9.82152562E-01  1.02218048E+00
  0.00000000E+00  3.11064688E-03  1.01540961E+00  1.89861267E+00  3.86588473E-01  5.81089350E-01  1.81879604E+00  8.28610495E-01  4.03370762E-01  1.49909315E+00  1.23065341E+00  4.22872147E-01  1.10779301E+00  1.48243040E+00  6.02614353E-01  7.84268907E-01  1.51759020E+00  8.57943741E-01  6.24719647E-01  1.36011533E+00  1.11470703E+00  6.08962586E-01  1.11615442E+00  1.30101797E+00  7.10495278E-01  8.84333754E-01  1.35411615E+00  8.77896447E-01  7.44519302E-01  1.27565682E+00  1.05690212E+00  7.26486922E-01  1.10431939E+00  1.19263786E+00  7.99836503E-01  9.24336365E-01  1.22965328E+00  9.40083562E-01  8.09897289E-01  1.17504519E+00  1.07091048E+00  7.94570513E-01  1.04545183E+00  1.16829467E+00  8.67534926E-01  9.10951531E-01  1.17539888E+00  9.94446185E-01  8.27038633E-01  1.10599513E+00
  0.00000000E+00  2.38354296E-03  1.01951821E+00  1.88844598E+00  3.98948804E-01  5.69523001E-01  1.80538205E+00  8.62960932E-01  3.87138878E-01  1.47950791E+00  1.25606650E+00  4.33635084E-01  1.07213910E+00  1.48763154E+00  6.42835879E-01  7.36562505E-01  1.50522189E+00  9.42531227E-01  5.47593245E-01  1.33478696E+00  1.23011330E+00  5.39134207E-01  1.04322134E+00  1.43441978E+00  6.94708767E-01  7.42521072E-01  1.47318420E+00  9.55877327E-01  5.66389578E-01  1.30408902E+00  1.23967866E+00  5.64298937E-01  1.02389854E+00  1.42091193E+00  7.19665027E-01  7.59180775E-01  1.42123587E+00  9.71208745E-01  6.20353687E-01  1.24678679E+00  1.22536928E+00  6.11680231E-01  1.02739943E+00  1.35784828E+00  7.54385110E-01  7.98261305E-01  1.36186331E+00  9.80549100E-01  6.56482569E-01  1.21580392E+00
  0.00000000E+00  3.17868593E-03  1.01835038E+00  1.89109182E+00  3.96687412E-01  5.84629702E-01  1.78293787E+00  8.68016422E-01  3.99993182E-01  1.45896302E+00  1.26973046E+00  4.36374345E-01  1.05533446E+00  1.50268747E+00  6.48090119E-01  7.25998317E-01  1.49982983E+00  9.52429531E-01  5.56917352E-01  1.29699177E+00  1.25714541E+00  5.59773542E-01  1.01334204E+00  1.43061931E+00  7.09943277E-01  7.53086855E-01  1.44862094E+00  9.55372039E-01  5.93357706E-01  1.29847616E+00  1.20828074E+00  5.84935370E-01  1.05314532E+00  1.36817121E+00  7.28356472E-01  8.03202188E-01  1.38708375E+00  9.49851881E-01  6.64464464E-01  1.24919282E+00  1.16823069E+00  6.61919456E-01  1.03614687E+00  1.29902047E+00  8.00219640E-01  8.15145290E-01  1.30317114E+00  1.01134120E+00  6.74518141E-01  1.19896679E+00
  0.00000000E+00  2.71329300E-03  1.02473473E+00  1.88777836E+00  3.90208324E-01  5.88208353E-01  1.79055055E+00  8.53631603E-01  4.10125923E-01  1.46276059E+00  1.25232087E+00  4.39956478E-01  1.07380163E+00  1.49672702E+00  6.20579130E-01  7.59206888E-01  1.51223209E+00  9.02786119E-01  5.83207700E-01  1.34036283E+00  1.17849951E+00  5.82103988E-01  1.07513630E+00  1.34826783E+00  7.29775283E-01  8.09714207E-01  1.38342270E+00  9.54381193E-01  6.55198677E-01  1.24760645E+00  1.18678316E+00  6.54300097E-01  1.01359446E+00  1.33077512E+00  7.89277393E-01  7.89120570E-01  1.34378161E+00  1.00084896E+00  6.51187274E-01  1.21450799E+00  1.22044218E+00  6.47264946E-01  9.97946062E-01  1.35743468E+00  7.84843104E-01  7.70062671E-01  1.35931265E+00  1.00947295E+00  6.32256459E-01  1.22412238E+00
  0.00000000E+00  1.88710449E-03  1.01787425E+00  1.89486501E+00  3.94957711E-01  5.87626322E-01  1.78373272E+00  8.56675806E-01  4.21476549E-01  1.45490157E+00  1.23719183E+00  4.72443893E-01  1.07667102E+00  1.43392683E+00  6.71924388E-01  8.06603850E-01  1.40689501E+00  9.31871292E-01  6.85146451E-01  1.22850909E+00  1.15170373E+00  6.97816657E-01  1.04594870E+00  1.24850314E+00  8.08847108E-01  8.87839289E-01  1.23949210E+00  9.58715527E-01  7.95101188E-01  1.15639233E+00  1.11161770E+00  7.69314242E-01  1.04063382E+00  1.19638668E+00  8.39116073E-01  8.95957552E-01  1.22369413E+00  9.67300344E-01  7.92396164E-01  1.16267137E+00  1.10246667E+00  7.78549419E-01  1.03200577E+00  1.20404941E+00  8.46957102E-01  8.83397746E-01  1.21870175E+00  9.87927783E-01  7.87832325E-01  1.13681682E+00
  0.00000000E+00  2.25225225E-03  1.02504156E+00  1.88349436E+00  3.99472661E-01  5.78600630E-01  1.78669365E+00  8.71120106E-01  3.93477245E-01  1.45672658E+00  1.28499833E+00  4.17680434E-01  1.07129086E+00  1.50464697E+00  6.23458821E-01  7.54453584E-01  1.51265338E+00  9.09432476E-01  5.73846020E-01  1.34401358E+00  1.18934181E+00  5.57439033E-01  1.07652754E+00  1.39201854E+00  6.87162380E-01  8.09931381E-01  1.42554859E+00  9.10134918E-01  6.55589793E-01  1.29022008E+00  1.15070244E+00  6.29966053E-01  1.07161611E+00  1.31527194E+00  7.41968490E-01  8.46481699E-01  1.33828771E+00  9.56709898E-01  6.97861049E-01  1.22880866E+00  1.14837112E+00  6.92167675E-01  1.03603995E+00  1.27590678E+00  8.03065529E-01  8.35367106E-01  1.29768957E+00  9.85778242E-01  7.13017365E-01  1.18098838E+00
  0.00000000E+00  2.41879561E-03  1.02503997E+00  1.89598700E+00  3.74577331E-01  5.98084896E-01  1.81103959E+00  8.06019788E-01  4.41430706E-01  1.49174580E+00  1.18528645E+00  4.71275769E-01  1.11749648E+00  1.42462332E+00  6.29075307E-01  8.20095023E-01  1.46687920E+00  8.73406450E-01  6.44917961E-01  1.32891079E+00  1.12112634E+00  6.31936864E-01  1.10503445E+00  1.27721881E+00  7.52080922E-01  8.57171229E-01  1.33310789E+00  9.37593971E-01  7.08560590E-01  1.24995416E+00  1.12409438E+00  6.93826435E-01  1.05918890E+00  1.25731151E+00  7.99329184E-01  8.58925302E-01  1.26748778E+00  9.90944568E-01  7.30204117E-01  1.17464203E+00  1.17043609E+00  7.13506840E-01  1.00481844E+00  1.29131929E+00  8.09351380E-01  8.20556353E-01  1.30472618E+00  9.95955376E-01  6.96019208E-01  1.18859410E+00
  0.00000000E+00  1.84619402E-03  1.01542557E+00  1.90793141E+00  3.82937865E-01  5.66031394E-01  1.82419710E+00  8.52219176E-01  3.77159768E-01  1.47653813E+00  1.28656758E+00  3.93726915E-01  1.07040620E+00  1.55594159E+00  5.81656729E-01  7.09199054E-01  1.60647024E+00  8.80547939E-01  5.14891413E-01  1.40043058E+00  1.20087537E+00  5.16170228E-01  1.09147931E+00  1.40721345E+00  6.74255560E-01  8.00167849E-01  1.43957856E+00  9.08821285E-01  6.43640017E-01  1.29828350E+00  1.16264308E+00  6.21542557E-01  1.06280092E+00  1.31712901E+00  7.68626453E-01  8.19234887E-01  1.33314372E+00  9.82686455E-01  6.67889339E-01  1.22384080E+00  1.19583743E+00  6.54179687E-01  1.01401329E+00  1.33590634E+00  7.90577389E-01  7.88178468E-01  1.34450392E+00  9.90926144E-01  6.61175378E-01  1.21388809E+00
  0.00000000E+00  1.52181167E-03  1.01716601E+00  1.90914335E+00  3.75247421E-01  5.81401546E-01  1.82322424E+00  8.15992224E-01  4.20696784E-01  1.49629499E+00  1.20977195E+00  4.40366163E-01  1.11474794E+00  1.46820763E+00  5.92998361E-01  8.24395700E-01  1.49458691E+00  8.38074306E-01  6.52141127E-01  1.36356734E+00  1.07635694E+00  6.37861049E-01  1.15034788E+00  1.22811232E+00  7.35691779E-01  9.45207381E-01  1.27983143E+00  8.67665056E-01  8.23274434E-01  1.25206598E+00  9.81417214E-01  8.02954114E-01  1.13423017E+00  1.07389404E+00  8.57897463E-01  1.00110168E+00  1.12381497E+00  9.41608420E-01  9.02416329E-01  1.11957305E+00  1.00908749E+00  8.92753333E-01  1.04021674E+00  1.06967127E+00  9.46865271E-01  9.54894024E-01  1.08171722E+00  9.91457109E-01  9.13226415E-01  1.05857698E+00
  0.00000000E+00  2.21076148E-03  1.00801729E+00  1.91251527E+00  3.88518664E-01  5.68704357E-01  1.80738913E+00  8.51194093E-01  4.07455281E-01  1.47490026E+00  1.24147307E+00  4.29979110E-01  1.10972683E+00  1.46513122E+00  6.10997519E-01  8.05742699E-01  1.48794853E+00  8.73102088E-01  6.31763793E-01  1.33386488E+00  1.13434638E+00  6.09603517E-01  1.10426020E+00  1.30764460E+00  7.12875049E-01  8.83721983E-01  1.34431069E+00  8.89491375E-01  7.53848486E-01  1.25523567E+00  1.06354050E+00  7.27911535E-01  1.10180253E+00  1.19438671E+00  7.85577897E-01  9.47993501E-01  1.22534665E+00  9.21527760E-01  8.31899871E-01  1.17776559E+00  1.04495278E+00  8.03511047E-01  1.08451147E+00  1.11826130E+00  8.70412296E-01  9.52886655E-01  1.14410541E+00  9.76852215E-01  8.66176031E-01  1.08793881E+00
  0.00000000E+00  2.20348954E-03  1.01752404E+00  1.89899478E+00  3.87978883E-01  5.81417336E-01  1.80832706E+00  8.33048628E-01  4.15299955E-01  1.48390290E+00  1.22348072E+00  4.49364637E-01  1.10308238E+00  1.45853916E+00  6.21593516E-01  7.76392953E-01  1.51294614E+00  8.81375846E-01  5.96641432E-01  1.34880699E+00  1.16802362E+00  5.72387256E-01  1.08685786E+00  1.36427570E+00  6.99517285E-01  8.22471011E-01  1.40536869E+00  9.20718963E-01  6.54886907E-01  1.29169554E+00  1.14684254E+00  6.36602109E-01  1.06783227E+00  1.30468348E+00  7.62604617E-01  8.42715465E-01  1.32437416E+00  9.65365907E-01  6.92842104E-01  1.22356463E+00  1.16716982E+00  6.80258542E-01  1.02321351E+00  1.30315700E+00  7.99158732E-01  8.08936262E-01  1.31789946E+00  1.00235072E+00  6.75558342E-01  1.20107999E+00
  0.00000000E+00  2.54181718E-03  1.01148975E+00  1.91337453E+00  3.76602545E-01  5.77696392E-01  1.82105207E+00  8.30578985E-01  4.00380816E-01  1.50769944E+00  1.22231057E+00  4.14695275E-01  1.12393684E+00  1.48320175E+00  5.82098911E-01  7.94056955E-01  1.53724594E+00  8.41860701E-01  5.90877834E-01  1.39944930E+00  1.13171403E+00  5.53790602E-01  1.13249394E+00  1.35903367E+00  6.52366279E-01  8.58594972E-01  1.43775341E+00  8.52843568E-01  6.81689516E-01  1.33915510E+00  1.07912927E+00  6.43822373E-01  1.13243519E+00  1.25354079E+00  7.38845077E-01  9.00464087E-01  1.31029972E+00  9.10262436E-01  7.57287432E-01  1.21628005E+00  1.11497193E+00  7.26066646E-01  1.03648417E+00  1.24649969E+00  8.27220264E-01  8.60680100E-01  1.24919383E+00  9.85720648E-01  7.71395018E-01  1.14214911E+00
  0.00000000E+00  2.15479332E-03  1.04473468E+00  1.86871885E+00  3.62274993E-01  6.91248901E-01  1.70362357E+00  8.03948989E-01  5.56270888E-01  1.35550279E+00  1.18677221E+00  5.64523600E-01  1.06956025E+00  1.37978599E+00  7.19431252E-01  7.83034301E-01  1.41175022E+00  9.65945471E-01  6.41888009E-01  1.21082087E+00  1.24916154E+00  6.39659924E-01  8.89035473E-01  1.50207564E+00  7.80231604E-01  6.18965113E-01  1.50444444E+00  1.02557315E+00  4.75529170E-01  1.31282029E+00  1.33770742E+00  4.72873058E-01  1.01868367E+00  1.49246555E+00  6.98915274E-01  7.15282908E-01  1.45298739E+00  1.01240106E+00  5.59929639E-01  1.20788332E+00  1.32034594E+00  5.94462035E-01  9.45265318E-01  1.45997655E+00  7.31973028E-01  7.35675755E-01  1.42003811E+00  9.88941659E-01  5.81146291E-01  1.26689241E+00
  0.00000000E+00  2.68166717E-03  1.01336772E+00  1.91012926E+00  3.76301519E-01  5.74020252E-01  1.83761472E+00  8.11508755E-01  4.06698728E-01  1.52474518E+00  1.18676169E+00  4.36099143E-01  1.15299618E+00  1.44009865E+00  5.77214606E-01  8.45947542E-01  1.51477332E+00  7.87545226E-01  6.71903208E-01  1.39992645E+00  1.03640626E+00  6.23697901E-01  1.20017713E+00  1.21524205E+00  6.83167080E-01  9.92208730E-01  1.30425875E+00  8.06458778E-01  8.39402156E-01  1.28826566E+00  9.56726872E-01  7.67769364E-01  1.17408800E+00  1.10442704E+00  7.87533621E-01  1.02022341E+00  1.18264627E+00  8.72157955E-01  9.11664128E-01  1.17272200E+00  9.75375085E-01  8.62550957E-01  1.08690183E+00  1.07189610E+00  8.97655046E-01  9.78047468E-01  1.10136542E+00  9.88339064E-01  8.94342458E-01  1.06728293E+00
  0.00000000E+00  2.73708491E-03  1.02849705E+00  1.87356792E+00  3.99358779E-01  5.95139777E-01  1.79319638E+00  8.35355500E-01  4.13739827E-01  1.49867433E+00  1.21080211E+00  4.39191075E-01  1.12326080E+00  1.44875484E+00  6.13005324E-01  8.06757337E-01  1.50191931E+00  8.50640931E-01  6.33949312E-01  1.36017380E+00  1.10860368E+00  6.08635012E-01  1.12843771E+00  1.29023328E+00  6.98505752E-01  9.06313995E-01  1.35609232E+00  8.61575779E-01  7.41608130E-01  1.29447984E+00  1.05588676E+00  6.87248263E-01  1.13969143E+00  1.20725421E+00  7.43572848E-01  9.40887699E-01  1.29133220E+00  8.85690618E-01  7.76880359E-01  1.24940375E+00  1.06098649E+00  7.31986769E-01  1.09937271E+00  1.19087551E+00  8.10599295E-01  9.14440527E-01  1.22716136E+00  9.69098084E-01  7.95503329E-01  1.13225414E+00
  0.00000000E+00  2.28054141E-03  1.02488895E+00  1.87759528E+00  4.02359461E-01  5.89350945E-01  1.78532315E+00  8.53806560E-01  4.18570454E-01  1.45706837E+00  1.24296702E+00  4.57663461E-01  1.07969042E+00  1.45388127E+00  6.51071361E-01  7.83993994E-01  1.45909895E+00  9.23514964E-01  6.09759325E-01  1.30648431E+00  1.18825347E+00  5.93787120E-01  1.06401909E+00  1.34123718E+00  7.40036413E-01  8.29728279E-01  1.34522305E+00  9.68500530E-01  6.70488750E-01  1.23544907E+00  1.17614571E+00  6.55980908E-01  1.04284749E+00  1.31375535E+00  7.55454585E-01  8.44638406E-01  1.33968128E+00  9.41645994E-01  7.05158492E-01  1.23360418E+00  1.14946932E+00  6.84735605E-01  1.04999333E+00  1.26626264E+00  7.96831759E-01  8.50517184E-01  1.29515574E+00  9.76294120E-01  7.19506028E-01  1.17956348E+00
  0.00000000E+00  3.11586949E-03  1.01708578E+00  1.88835314E+00  3.99952706E-01  5.90527194E-01  1.78675197E+00  8.51041911E-01  4.12942508E-01  1.47572776E+00  1.22892153E+00  4.46222890E-01  1.11342415E+00  1.43959916E+00  6.29511250E-01  8.15044755E-01  1.45308221E+00  8.92172027E-01  6.47177177E-01  1.31348015E+00  1.12606244E+00  6.46303985E-01  1.09765142E+00  1.26234365E+00  7.51611031E-01  9.07228533E-01  1.29535797E+00  8.92621462E-01  7.92868521E-01  1.23136325E+00  1.03824157E+00  7.72595494E-01  1.10102291E+00  1.14498136E+00  8.22771322E-01  9.69849995E-01  1.17863342E+00  9.17658963E-01  8.91132872E-01  1.13103538E+00  1.02435406E+00  8.69560575E-01  1.03887046E+00  1.10022646E+00  9.08986813E-01  9.49940230E-01  1.11596016E+00  9.94156330E-01  8.76108427E-01  1.07970013E+00
  0.00000000E+00  2.66657962E-03  1.01204973E+00  1.90645530E+00  3.89732341E-01  5.71501502E-01  1.80676285E+00  8.53349581E-01  3.93830352E-01  1.47473270E+00  1.26914915E+00  4.17464566E-01  1.06509393E+00  1.51794577E+00  6.21890441E-01  7.37515486E-01  1.51698380E+00  9.37412050E-01  5.45868912E-01  1.31695739E+00  1.25465045E+00  5.40266643E-01  1.01157912E+00  1.45490084E+00  7.06944336E-01  7.17844076E-01  1.47764388E+00  9.79018149E-01  5.46307032E-01  1.29588879E+00  1.26948949E+00  5.31362522E-01  1.02334131E+00  1.46037719E+00  6.91261696E-01  7.41411556E-01  1.46467076E+00  9.66539293E-01  5.74595175E-01  1.29620592E+00  1.21962310E+00  5.89177148E-01  1.03216434E+00  1.36967591E+00  7.57796782E-01  7.70639190E-01  1.37659326E+00  1.00487139E+00  6.20612497E-01  1.23051907E+00
  0.00000000E+00  2.49771511E-03  1.01285721E+00  1.90506028E+00  3.86597032E-01  5.75030828E-01  1.81854536E+00  8.33298371E-01  3.95687717E-01  1.49904528E+00  1.23712640E+00  4.20333087E-01  1.10806009E+00  1.48814757E+00  5.91917715E-01  7.83455630E-01  1.53091178E+00  8.63876775E-01  5.86149918E-01  1.37935298E+00  1.14896752E+00  5.63376420E-01  1.11545647E+00  1.34043841E+00  6.92494378E-01  8.44865010E-01  1.39786569E+00  9.07942145E-01  6.72135614E-01  1.28594638E+00  1.13919775E+00  6.53357125E-01  1.06229099E+00  1.29339325E+00  7.75336931E-01  8.34237281E-01  1.32812392E+00  9.60788615E-01  6.99852606E-01  1.22612569E+00  1.15412253E+00  6.87544356E-01  1.03571818E+00  1.28076221E+00  8.04776951E-01  8.37395511E-01  1.28591664E+00  9.97261029E-01  7.12905079E-01  1.17678693E+00
  0.00000000E+00  3.02331317E-03  1.02725523E+00  1.87560923E+00  3.94916656E-01  5.92716775E-01  1.79914958E+00  8.32030146E-01  4.21641497E-01  1.49440484E+00  1.20562577E+00  4.45076816E-01  1.13831092E+00  1.43041839E+00  6.00032206E-01  8.38786468E-01  1.48755451E+00  8.26695391E-01  6.63056825E-01  1.38114564E+00  1.05967910E+00  6.11205408E-01  1.18796042E+00  1.24222715E+00  6.72216855E-01  9.70162336E-01  1.32954201E+00  8.19700860E-01  7.96602545E-01  1.30544356E+00  9.86853520E-01  7.24558907E-01  1.18460257E+00  1.13500747E+00  7.54491013E-01  1.01047453E+00  1.22253456E+00  8.58508654E-01  8.69353556E-01  1.19862558E+00  1.01627889E+00  8.04031278E-01  1.09279424E+00  1.13065283E+00  8.55990193E-01  9.32297225E-01  1.17936386E+00  9.96849748E-01  7.90661096E-01  1.13721316E+00
  0.00000000E+00  2.69588429E-03  1.00739827E+00  1.91497410E+00  3.82530937E-01  5.60095168E-01  1.82859874E+00  8.46050833E-01  3.82828771E-01  1.49822257E+00  1.25148830E+00  4.12319276E-01  1.10030045E+00  1.49261029E+00  6.02266469E-01  7.79847674E-01  1.52201956E+00  8.68459909E-01  5.98334276E-01  1.37569831E+00  1.13333943E+00  5.66177627E-01  1.13940433E+00  1.33118220E+00  6.60433332E-01  8.89455252E-01  1.40908227E+00  8.27937503E-01  7.30512977E-01  1.33041737E+00  1.03326747E+00  6.89155242E-01  1.14767623E+00  1.19972059E+00  7.41411556E-01  9.69107658E-01  1.25818804E+00  8.71270256E-01  8.35032859E-01  1.22501008E+00  9.99764982E-01  8.08500239E-01  1.10357865E+00  1.10639683E+00  8.67293670E-01  9.57683481E-01  1.13723811E+00  9.87104931E-01  8.65589503E-01  1.08566088E+00
  0.00000000E+00  1.79962571E-03  1.03301838E+00  1.87709304E+00  3.83229461E-01  6.17967823E-01  1.79521304E+00  7.96406697E-01  4.58554932E-01  1.48997693E+00  1.16801381E+00  4.75080443E-01  1.15685715E+00  1.38527382E+00  6.13007790E-01  8.76428312E-01  1.45946874E+00  8.01092397E-01  7.11839956E-01  1.36860672E+00  1.01822388E+00  6.62379336E-01  1.19043130E+00  1.18804674E+00  7.09537654E-01  9.98452656E-01  1.27202637E+00  8.23419071E-01  8.58980430E-01  1.25048164E+00  9.65422234E-01  8.03333769E-01  1.14566668E+00  1.08634475E+00  8.23873439E-01  1.02042202E+00  1.14329445E+00  8.99624407E-01  9.20225298E-01  1.13335364E+00  1.00473212E+00  8.77883681E-01  1.06446519E+00  1.06596930E+00  9.12830512E-01  9.74962063E-01  1.09604648E+00  9.85158782E-01  9.08441775E-01  1.06037458E+00
  0.00000000E+00  1.75494335E-03  1.02093006E+00  1.89368557E+00  3.86718603E-01  5.90384733E-01  1.80713191E+00  8.23689196E-01  4.22554003E-01  1.49945409E+00  1.19102537E+00  4.58420740E-01  1.13199214E+00  1.41872728E+00  6.30297399E-01  8.23653799E-01  1.45966039E+00  8.70845483E-01  6.62713728E-01  1.32319044E+00  1.11586775E+00  6.37625016E-01  1.09248669E+00  1.28083678E+00  7.46176466E-01  8.95465756E-01  1.28894402E+00  9.28128563E-01  7.77032975E-01  1.18841015E+00  1.09788876E+00  7.72710392E-01  1.02987147E+00  1.20353963E+00  8.51120106E-01  8.85035035E-01  1.21276189E+00  9.83872713E-01  7.95024880E-01  1.14733995E+00  1.10650665E+00  7.91612337E-01  1.02991586E+00  1.17160813E+00  8.83915074E-01  8.94002553E-01  1.18336467E+00  9.91773222E-01  8.17786337E-01  1.11587965E+00
  0.00000000E+00  3.06675546E-03  1.01135771E+00  1.90788110E+00  3.81353473E-01  5.84259596E-01  1.80835815E+00  8.36077612E-01  4.01578480E-01  1.49319167E+00  1.24043084E+00  4.23136376E-01  1.09357105E+00  1.49958671E+00  5.96914679E-01  7.66262461E-01  1.54364935E+00  8.64092707E-01  5.89241434E-01  1.37942487E+00  1.14182690E+00  5.75557977E-01  1.10603423E+00  1.33340275E+00  7.04179683E-01  8.49345361E-01  1.38904649E+00  8.97361262E-01  6.99112282E-01  1.28665537E+00  1.09756589E+00  6.76927191E-01  1.09242483E+00  1.24302034E+00  7.83176535E-01  8.83472374E-01  1.27752734E+00  9.54852282E-01  7.48763773E-01  1.20438875E+00  1.10845805E+00  7.45064374E-01  1.04383925E+00  1.21623603E+00  8.40373532E-01  8.78582960E-01  1.22417020E+00  9.97701094E-01  7.64245470E-01  1.14658574E+00
  0.00000000E+00  2.45071158E-03  1.01115130E+00  1.90156229E+00  3.97525061E-01  5.63577055E-01  1.80473865E+00  8.68646327E-01  3.85492739E-01  1.46285619E+00  1.28122021E+00  4.19615122E-01  1.07469861E+00  1.50013419E+00  6.33486820E-01  7.40727974E-01  1.49748052E+00  9.45620693E-01  5.59012781E-01  1.31047352E+00  1.23846745E+00  5.66581219E-01  1.01432911E+00  1.41922560E+00  7.31164788E-01  7.43023893E-01  1.42746413E+00  9.89441035E-01  5.74966416E-01  1.27560256E+00  1.25746732E+00  5.64074364E-01  1.01373112E+00  1.42465233E+00  7.24364945E-01  7.40468585E-01  1.44161596E+00  9.78004961E-01  5.76944481E-01  1.27987712E+00  1.25734836E+00  5.60006383E-01  1.01930989E+00  1.42271997E+00  7.24120497E-01  7.46818413E-01  1.42348363E+00  9.96572660E-01  5.78823171E-01  1.26219219E+00
  0.00000000E+00  1.85156171E-03  1.02417562E+00  1.88545415E+00  3.94125575E-01  5.93151267E-01  1.79164063E+00  8.37586282E-01  4.20780055E-01  1.50064456E+00  1.18549637E+00  4.60507174E-01  1.14635186E+00  1.40507885E+00  6.14627091E-01  8.40853027E-01  1.48243882E+00  8.22088900E-01  6.75695406E-01  1.38031742E+00  1.04817586E+00  6.23518591E-01  1.18940216E+00  1.22702775E+00  6.84582844E-01  9.91176249E-01  1.28992268E+00  8.25991354E-01  8.35256561E-01  1.27052661E+00  9.69003206E-01  7.81066284E-01  1.16433317E+00  1.08010329E+00  8.17649098E-01  1.03328909E+00  1.14365641E+00  8.88614411E-01  9.34880533E-01  1.14437017E+00  9.56627932E-01  9.00352962E-01  1.10686643E+00  9.98848559E-01  9.32985594E-01  1.03203754E+00  1.02472676E+00  9.74034904E-01  9.91954128E-01  1.00948760E+00
  0.00000000E+00  2.15328467E-03  1.02115610E+00  1.88986097E+00  3.95128606E-01  5.81790252E-01  1.79676882E+00  8.46919245E-01  4.14240142E-01  1.46650234E+00  1.24650214E+00  4.38350133E-01  1.08796431E+00  1.48129166E+00  6.25338315E-01  7.66460433E-01  1.50723284E+00  8.98840420E-01  5.90344108E-01  1.34488897E+00  1.16207662E+00  5.97947322E-01  1.07578071E+00  1.33464682E+00  7.25960877E-01  8.40250454E-01  1.37254297E+00  9.12814660E-01  7.08722628E-01  1.25775267E+00  1.11256324E+00  6.87833005E-01  1.08253794E+00  1.24337195E+00  7.77676592E-01  9.01889314E-01  1.27318098E+00  9.27129147E-01  7.74322018E-01  1.21119028E+00  1.07957460E+00  7.60537597E-01  1.06537404E+00  1.17776542E+00  8.46260959E-01  9.12587572E-01  1.19057255E+00  9.82383849E-01  8.22603020E-01  1.11375043E+00
  0.00000000E+00  2.03754479E-03  1.00101986E+00  1.92366569E+00  3.82513383E-01  5.57604851E-01  1.84166616E+00  8.35246116E-01  3.78167733E-01  1.50337091E+00  1.25124879E+00  4.02424598E-01  1.10873874E+00  1.49462550E+00  6.02093398E-01  7.60002321E-01  1.54468802E+00  8.69033671E-01  5.76156011E-01  1.38900277E+00  1.13978094E+00  5.63762458E-01  1.11872481E+00  1.34587443E+00  6.83192468E-01  8.47694071E-01  1.39430256E+00  9.18761950E-01  6.61791502E-01  1.28895301E+00  1.14648823E+00  6.42318260E-01  1.06773527E+00  1.30488938E+00  7.57594986E-01  8.36571209E-01  1.34383180E+00  9.54868637E-01  6.85793910E-01  1.23237049E+00  1.16436552E+00  6.71014638E-01  1.03378030E+00  1.30407843E+00  7.95403374E-01  8.14557166E-01  1.31011403E+00  9.98302215E-01  6.89283486E-01  1.19382774E+00
  0.00000000E+00  2.00229215E-03  1.02432853E+00  1.89121556E+00  3.82008530E-01  5.99912086E-01  1.79531140E+00  8.25006166E-01  4.34164744E-01  1.48557412E+00  1.20116493E+00  4.57036602E-01  1.12359548E+00  1.43233552E+00  6.19529384E-01  8.19144942E-01  1.47236715E+00  8.68528674E-01  6.46088407E-01  1.33269922E+00  1.12166790E+00  6.29092281E-01  1.09482671E+00  1.29921835E+00  7.31232682E-01  8.63865750E-01  1.35636114E+00  9.07513746E-01  7.11189740E-01  1.27115115E+00  1.10071042E+00  6.85416576E-01  1.08311776E+00  1.25692185E+00  7.66231739E-01  8.86289188E-01  1.29775689E+00  9.31968490E-01  7.50583192E-01  1.22032134E+00  1.10082358E+00  7.39272896E-01  1.05489722E+00  1.21370559E+00  8.28837098E-01  8.86296586E-01  1.22720184E+00  9.84100042E-01  7.88565812E-01  1.13218204E+00
  0.00000000E+00  1.78352265E-03  9.92513818E-01  1.93178773E+00  3.89559850E-01  5.46353890E-01  1.82595349E+00  8.76926927E-01  3.61300721E-01  1.45440789E+00  1.32304348E+00  4.01722012E-01  1.03049165E+00  1.55648155E+00  6.30473517E-01  6.98756873E-01  1.52382208E+00  9.72048860E-01  5.20029595E-01  1.30581335E+00  1.27991093E+00  5.33167225E-01  1.01029276E+00  1.45190553E+00  7.19552016E-01  7.30406929E-01  1.42631835E+00  1.00566465E+00  5.82828626E-01  1.24528920E+00  1.26186825E+00  5.93500602E-01  9.97406392E-01  1.39451858E+00  7.59984767E-01  7.55995416E-01  1.39290638E+00  9.93805835E-01  6.17410019E-01  1.24286141E+00  1.22681841E+00  6.17076207E-01  1.01120149E+00  1.38235583E+00  7.51287519E-01  7.69666333E-01  1.39507972E+00  9.80457414E-01  6.26693360E-01  1.23383238E+00
  0.00000000E+00  2.27386807E-03  1.03409061E+00  1.88159188E+00  3.75932889E-01  6.27480959E-01  1.78575924E+00  8.03439962E-01  4.37650984E-01  1.51105787E+00  1.17552059E+00  4.43982243E-01  1.16338425E+00  1.42770219E+00  5.78562330E-01  8.53833544E-01  1.48541324E+00  8.22136629E-01  6.67467467E-01  1.36033483E+00  1.08951981E+00  6.21353672E-01  1.13239007E+00  1.27713162E+00  7.12753768E-01  8.91271416E-01  1.34132118E+00  8.99819239E-01  7.38016567E-01  1.25311369E+00  1.08819820E+00  7.18926753E-01  1.07633837E+00  1.21551523E+00  8.12553568E-01  9.01465959E-01  1.23836068E+00  9.51068750E-01  8.01309861E-01  1.16803760E+00  1.08668146E+00  7.86877602E-01  1.03915263E+00  1.18016205E+00  8.62154473E-01  9.00114027E-01  1.19045466E+00  9.87345171E-01  8.28503141E-01  1.10580653E+00
  0.00000000E+00  2.12560386E-03  1.01567393E+00  1.90381091E+00  3.82785974E-01  5.82145334E-01  1.81663736E+00  8.26737027E-01  4.15872684E-01  1.48431910E+00  1.22799452E+00  4.38218218E-01  1.09855043E+00  1.48622637E+00  5.90110400E-01  8.00172056E-01  1.51069606E+00  8.55667842E-01  6.20918164E-01  1.37217130E+00  1.11846238E+00  5.89146538E-01  1.12566900E+00  1.31786787E+00  6.84988902E-01  8.77648083E-01  1.39473561E+00  8.52754929E-01  7.30219930E-01  1.30589517E+00  1.05483658E+00  6.97937213E-01  1.12581973E+00  1.20274768E+00  7.62502793E-01  9.39953867E-01  1.25688993E+00  8.99380830E-01  8.28827088E-01  1.19064369E+00  1.04687514E+00  8.03899262E-01  1.05972117E+00  1.14660269E+00  8.69390550E-01  9.25881679E-01  1.16579754E+00  9.80061511E-01  8.53525845E-01  1.09381686E+00
  0.00000000E+00  2.19973597E-03  1.01388998E+00  1.90008733E+00  3.94811478E-01  5.61098780E-01  1.81736316E+00  8.61925404E-01  3.80493972E-01  1.46783363E+00  1.28605591E+00  4.14531343E-01  1.05126779E+00  1.53606766E+00  6.24959887E-01  7.18306277E-01  1.52721330E+00  9.44495510E-01  5.32957885E-01  1.32566059E+00  1.24796927E+00  5.42955564E-01  1.02603691E+00  1.43437220E+00  7.10835473E-01  7.40091106E-01  1.44779287E+00  9.80312341E-01  5.63215534E-01  1.28062758E+00  1.26840391E+00  5.62219901E-01  9.81745078E-01  1.46845280E+00  7.23197110E-01  7.09916438E-01  1.44737012E+00  1.02516226E+00  5.34693534E-01  1.25763633E+00  1.30908198E+00  5.45704835E-01  9.72024343E-01  1.48589416E+00  7.13767100E-01  6.97501850E-01  1.48067749E+00  9.88325282E-01  5.46590358E-01  1.27953997E+00
  0.00000000E+00  1.77540307E-03  1.03133015E+00  1.87820741E+00  3.84476628E-01  6.19362892E-01  1.78564961E+00  8.04007624E-01  4.51945382E-01  1.50964786E+00  1.15966285E+00  4.62910886E-01  1.15817460E+00  1.40296932E+00  6.03100862E-01  8.54443195E-01  1.47384514E+00  8.22128484E-01  6.83493001E-01  1.34903231E+00  1.06936195E+00  6.59102300E-01  1.13326834E+00  1.23146888E+00  7.46447944E-01  9.31066117E-01  1.27622860E+00  8.95036558E-01  8.11863829E-01  1.20565023E+00  1.03979721E+00  8.05054993E-01  1.06280996E+00  1.14903793E+00  8.55604299E-01  9.38852331E-01  1.18725566E+00  9.30131859E-01  8.77402825E-01  1.14786870E+00  1.00844457E+00  8.65183415E-01  1.06888108E+00  1.06163448E+00  9.23240532E-01  9.75771154E-01  1.07855456E+00  9.87709349E-01  9.23624859E-01  1.05081521E+00
  0.00000000E+00  1.77540307E-03  1.03133015E+00  1.87820741E+00  3.84476628E-01  6.19362892E-01  1.78564961E+00  8.04007624E-01  4.51945382E-01  1.50964786E+00  1.15966285E+00  4.62910886E-01  1.15817460E+00  1.40296932E+00  6.03100862E-01  8.54443195E-01  1.47384514E+00  8.22128484E-01  6.83493001E-01  1.34903231E+00  1.06936195E+00  6.59102300E-01  1.13326834E+00  1.23146888E+00  7.46447944E-01  9.31066117E-01  1.27622860E+00  8.95036558E-01  8.11863829E-01  1.20565023E+00  1.03979721E+00  8.05054993E-01  1.06280996E+00  1.14903793E+00  8.55604299E-01  9.38852331E-01  1.18725566E+00  9.30131859E-01  8.77402825E-01  1.14786870E+00  1.00844457E+00  8.65183415E-01  1.06888108E+00  1.06163448E+00  9.23240532E-01  9.75771154E-01  1.07855456E+00  9.87709349E-01  9.23624859E-01  1.05081521E+00
  0.00000000E+00  1.77540307E-03  1.03133015E+00  1.87820741E+00  3.84476628E-01  6.19362892E-01  1.78564961E+00  8.04007624E-01  4.51945382E-01  1.50964786E+00  1.15966285E+00  4.62910886E-01  1.15817460E+00  1.40296932E+00  6.03100862E-01  8.54443195E-01  1.47384514E+00  8.22128484E-01  6.83493001E-01  1.34903231E+00  1.06936195E+00  6.59102300E-01  1.13326834E+00  1.23146888E+00  7.46447944E-01  9.31066117E-01  1.27622860E+00  8.95036558E-01  8.11863829E-01  1.20565023E+00  1.03979721E+00  8.05054993E-01  1.06280996E+00  1.14903793E+00  8.55604299E-01  9.38852331E-01  1.18725566E+00  9.30131859E-01  8.77402825E-01  1.14786870E+00  1.00844457E+00  8.65183415E-01  1.06888108E+00  1.06163448E+00  9.23240532E-01  9.75771154E-01  1.07855456E+00  9.87709349E-01  9.23624859E-01  1.05081521E+00
  0.00000000E+00  2.64699482E-03  1.01199605E+00  1.90159826E+00  3.97716557E-01  5.76981909E-01  1.78036674E+00  8.74176785E-01  4.18324266E-01  1.43724115E+00  1.25456747E+00  4.78662721E-01  1.04903556E+00  1.44998607E+00  6.88415952E-01  7.58538974E-01  1.43944060E+00  9.53705880E-01  6.21274608E-01  1.25473415E+00  1.21390187E+00  6.26269023E-01  1.01227648E+00  1.36335611E+00  7.65365075E-01  7.78673021E-01  1.36707896E+00  9.87257257E-01  6.46253065E-01  1.23653509E+00  1.20833689E+00  6.29633547E-01  1.02444807E+00  1.35027593E+00  7.53899842E-01  8.05908227E-01  1.36466002E+00  9.74618967E-01  6.43981228E-01  1.25777139E+00  1.18371836E+00  6.35101188E-01  1.03977702E+00  1.33637841E+00  7.59415938E-01  8.25690328E-01  1.32750490E+00  9.83896070E-01  6.86472269E-01  1.19546808E+00
  0.00000000E+00  2.47379455E-03  1.00312396E+00  1.91179922E+00  3.95691160E-01  5.53318473E-01  1.82781573E+00  8.59024759E-01  3.64530956E-01  1.49166706E+00  1.28180718E+00  4.04012950E-01  1.05555051E+00  1.54771701E+00  6.09958867E-01  7.12704668E-01  1.55563251E+00  9.18691718E-01  5.39660059E-01  1.33885041E+00  1.23529178E+00  5.38017408E-01  1.06593079E+00  1.38530956E+00  7.12103601E-01  8.06835974E-01  1.38482180E+00  9.56697715E-01  6.36907624E-01  1.26917443E+00  1.18249476E+00  6.29573548E-01  1.05530903E+00  1.32189873E+00  7.50533132E-01  8.55989704E-01  1.31357509E+00  9.55734151E-01  7.33446912E-01  1.18434520E+00  1.15531858E+00  7.21460340E-01  1.02710878E+00  1.24544888E+00  8.27574238E-01  8.72992596E-01  1.23600722E+00  9.88109492E-01  7.68861290E-01  1.14243001E+00
  0.00000000E+00  2.34448734E-03  1.02611755E+00  1.90163592E+00  3.60178035E-01  6.11803947E-01  1.84142428E+00  7.55755041E-01  4.50388960E-01  1.55618619E+00  1.11534964E+00  4.44402259E-01  1.23069141E+00  1.37238167E+00  5.28188188E-01  9.48737309E-01  1.51049550E+00  6.75865866E-01  7.51861147E-01  1.47571643E+00  8.96253396E-01  6.13275418E-01  1.37651866E+00  1.10066781E+00  5.78174603E-01  1.17755613E+00  1.29418204E+00  6.20735736E-01  9.80525525E-01  1.36186043E+00  7.78518518E-01  8.15444730E-01  1.32359288E+00  9.36586587E-01  7.48722294E-01  1.22910696E+00  1.06456671E+00  7.40119405E-01  1.13198913E+00  1.14605534E+00  7.58477048E-01  1.06388174E+00  1.18436150E+00  7.79979265E-01  1.00651723E+00  1.20437723E+00  8.29547405E-01  9.37586873E-01  1.22254755E+00  8.72081367E-01
  0.00000000E+00  2.74315482E-03  1.01431760E+00  1.89502531E+00  4.02425936E-01  5.77487030E-01  1.78181670E+00  8.77904199E-01  3.94074074E-01  1.44827775E+00  1.28526481E+00  4.25973784E-01  1.06095631E+00  1.50969591E+00  6.35113186E-01  7.24485103E-01  1.52900536E+00  9.18041421E-01  5.60282913E-01  1.33589268E+00  1.21666561E+00  5.52717955E-01  1.05538869E+00  1.39667958E+00  7.19187049E-01  7.76847511E-01  1.39967664E+00  9.89240201E-01  6.05247231E-01  1.24042712E+00  1.25819262E+00  5.97074519E-01  9.82532452E-01  1.41756559E+00  7.58863689E-01  7.37103742E-01  1.38883595E+00  1.02786333E+00  5.97646062E-01  1.20914427E+00  1.28103276E+00  6.16439447E-01  9.64097791E-01  1.40767274E+00  7.70714059E-01  7.42374267E-01  1.39377697E+00  1.01072274E+00  5.94139932E-01  1.24667958E+00
  0.00000000E+00  2.65207236E-03  1.01554801E+00  1.89764620E+00  3.89989410E-01  5.87662010E-01  1.78842857E+00  8.56001799E-01  4.03942348E-01  1.46924446E+00  1.25743990E+00  4.27822025E-01  1.08130000E+00  1.49469034E+00  6.27397252E-01  7.34504505E-01  1.53916699E+00  9.06110168E-01  5.60209340E-01  1.34053938E+00  1.21371763E+00  5.52767840E-01  1.05891529E+00  1.39473038E+00  7.10711436E-01  7.80811101E-01  1.41970782E+00  9.58568859E-01  6.20912217E-01  1.26446098E+00  1.21211690E+00  6.18418999E-01  1.01419782E+00  1.36863342E+00  7.55169517E-01  7.83855160E-01  1.38234655E+00  9.70203682E-01  6.46712655E-01  1.25585789E+00  1.18002829E+00  6.52267195E-01  1.02575779E+00  1.32385516E+00  7.81128520E-01  8.09506318E-01  1.32752158E+00  9.92873598E-01  6.75527557E-01  1.20175639E+00
  0.00000000E+00  2.35564439E-03  1.01378998E+00  1.89704302E+00  3.98624778E-01  5.73508098E-01  1.79074279E+00  8.74041274E-01  3.88105610E-01  1.45932178E+00  1.27798756E+00  4.28365963E-01  1.06099956E+00  1.51411251E+00  6.24572400E-01  7.43352296E-01  1.51490655E+00  9.22778803E-01  5.63893501E-01  1.33861265E+00  1.20237751E+00  5.57023883E-01  1.06336801E+00  1.39684895E+00  6.91825885E-01  7.94837707E-01  1.44295340E+00  9.10092763E-01  6.33600178E-01  1.31407664E+00  1.15357455E+00  6.03882226E-01  1.08358190E+00  1.33669383E+00  7.13667487E-01  8.42562696E-01  1.38618833E+00  9.04598708E-01  6.89085691E-01  1.27674047E+00  1.12990775E+00  6.65430333E-01  1.05926285E+00  1.29862614E+00  7.74309314E-01  8.29435390E-01  1.32595941E+00  9.72360086E-01  6.98683716E-01  1.19466277E+00
  0.00000000E+00  2.22540086E-03  1.01366356E+00  1.90080437E+00  3.94811930E-01  5.61053719E-01  1.81279349E+00  8.66501731E-01  3.79056827E-01  1.45898619E+00  1.30583775E+00  3.95253408E-01  1.04929770E+00  1.56915431E+00  5.91107226E-01  7.01634704E-01  1.58935933E+00  9.02819983E-01  5.14317122E-01  1.37503426E+00  1.23984336E+00  5.01403899E-01  1.05157961E+00  1.46858568E+00  6.58982659E-01  7.44233771E-01  1.50049039E+00  9.29678251E-01  5.67479162E-01  1.31982659E+00  1.22827541E+00  5.54029632E-01  1.04485449E+00  1.41584799E+00  6.99394822E-01  7.76381649E-01  1.42799922E+00  9.60165113E-01  6.01321961E-01  1.28115084E+00  1.22655948E+00  5.82732747E-01  1.02664954E+00  1.40050717E+00  7.25503461E-01  7.74824998E-01  1.40301423E+00  9.82193791E-01  6.16955393E-01  1.23915501E+00
  0.00000000E+00  2.42169706E-03  1.01121614E+00  1.90786656E+00  3.82590416E-01  5.77546387E-01  1.81839492E+00  8.31640771E-01  4.00849110E-01  1.49095400E+00  1.24351235E+00  4.26338222E-01  1.08282413E+00  1.49763604E+00  6.27785902E-01  7.36828568E-01  1.52850285E+00  9.14692519E-01  5.69462941E-01  1.32695173E+00  1.20867157E+00  5.73121963E-01  1.05662953E+00  1.36543355E+00  7.30927014E-01  8.16420478E-01  1.36920486E+00  9.48668814E-01  6.86264235E-01  1.24278003E+00  1.14300547E+00  6.97587878E-01  1.03593550E+00  1.25199794E+00  8.28526933E-01  8.59337598E-01  1.23912594E+00  9.92512222E-01  7.80087479E-01  1.13542992E+00  1.12860701E+00  7.89945743E-01  1.00864995E+00  1.17937416E+00  8.89725378E-01  8.89440745E-01  1.17315330E+00  1.00976658E+00  8.07510264E-01  1.11747603E+00
  0.00000000E+00  2.28852040E-03  9.99324397E-01  1.92970115E+00  3.74973234E-01  5.58382440E-01  1.84431867E+00  8.29487749E-01  3.80556644E-01  1.51120483E+00  1.24213779E+00  4.09556368E-01  1.09242344E+00  1.51764750E+00  5.97881069E-01  7.26477927E-01  1.57503576E+00  8.89272461E-01  5.32133728E-01  1.38881461E+00  1.20183836E+00  5.24783769E-01  1.06132974E+00  1.44158927E+00  6.76713670E-01  7.56359258E-01  1.46864647E+00  9.43731848E-01  5.77383325E-01  1.30963123E+00  1.22376318E+00  5.66012389E-01  1.02771902E+00  1.41644833E+00  7.22247610E-01  7.47375491E-01  1.44013579E+00  9.79978094E-01  5.82754058E-01  1.26229360E+00  1.26898942E+00  5.68142780E-01  9.87161945E-01  1.45477826E+00  7.20291741E-01  7.14854420E-01  1.47000029E+00  9.86413370E-01  5.51804558E-01  1.27854376E+00
  0.00000000E+00  3.49218784E-03  1.02379611E+00  1.88003221E+00  3.98877283E-01  5.84300823E-01  1.80355849E+00  8.35735736E-01  4.23109631E-01  1.48103814E+00  1.21226212E+00  4.59479334E-01  1.11325412E+00  1.42270749E+00  6.45296601E-01  8.17612540E-01  1.43848065E+00  8.96875281E-01  6.62036819E-01  1.30351598E+00  1.12401488E+00  6.47984506E-01  1.08140459E+00  1.27634127E+00  7.64318812E-01  8.81817470E-01  1.29245057E+00  9.35635345E-01  7.57690299E-01  1.21459619E+00  1.08553423E+00  7.51073973E-01  1.06466554E+00  1.19229403E+00  8.23536725E-01  9.31491201E-01  1.21268384E+00  9.25489838E-01  8.47129158E-01  1.16052995E+00  1.03950632E+00  8.32101812E-01  1.05553989E+00  1.13009546E+00  8.73877646E-01  9.33965270E-01  1.16736751E+00  9.76465016E-01  8.51970957E-01  1.09629949E+00
  0.00000000E+00  1.86708448E-03  1.02728816E+00  1.89070099E+00  3.79532431E-01  5.91911332E-01  1.82072594E+00  8.05025605E-01  4.16438322E-01  1.52094080E+00  1.18871234E+00  4.31239790E-01  1.14951879E+00  1.44865938E+00  5.82922923E-01  8.30136078E-01  1.51115986E+00  8.23096430E-01  6.35410048E-01  1.39951343E+00  1.07975918E+00  5.91849241E-01  1.17362101E+00  1.27070853E+00  6.76551769E-01  9.37899494E-01  1.35286170E+00  8.26284545E-01  7.79092861E-01  1.31202362E+00  9.86066791E-01  7.34251353E-01  1.17186854E+00  1.12573704E+00  7.82364103E-01  9.90776719E-01  1.21345548E+00  8.93005759E-01  8.60931076E-01  1.17692997E+00  1.02393103E+00  8.28129434E-01  1.06194876E+00  1.12196704E+00  8.93180427E-01  9.35467351E-01  1.13465553E+00  9.95337221E-01  8.59077918E-01  1.08880010E+00
  0.00000000E+00  2.26383251E-03  1.02669780E+00  1.88095558E+00  3.93437941E-01  5.94602884E-01  1.79773064E+00  8.35598766E-01  4.13244584E-01  1.49024690E+00  1.22251626E+00  4.37046106E-01  1.11387529E+00  1.45388882E+00  6.16300903E-01  8.17691356E-01  1.46811561E+00  8.70690498E-01  6.50520856E-01  1.33670086E+00  1.10672719E+00  6.30803108E-01  1.11843918E+00  1.27035063E+00  7.32171882E-01  9.06665212E-01  1.30697118E+00  9.00646414E-01  7.74109089E-01  1.22849403E+00  1.06310520E+00  7.55787613E-01  1.08492253E+00  1.17185180E+00  8.21287882E-01  9.36814340E-01  1.21539886E+00  9.23173439E-01  8.47661967E-01  1.15584726E+00  1.04417078E+00  8.34326597E-01  1.04991314E+00  1.11764815E+00  9.09397087E-01  9.28040825E-01  1.13013429E+00  9.93873249E-01  8.74197402E-01  1.07827754E+00
  0.00000000E+00  2.17873915E-03  1.02193666E+00  1.89335753E+00  3.85366127E-01  5.84040131E-01  1.82135778E+00  8.17020224E-01  4.11011653E-01  1.51303717E+00  1.19803599E+00  4.33687523E-01  1.13587717E+00  1.45836867E+00  5.85221764E-01  8.13758993E-01  1.51896036E+00  8.38776940E-01  6.31998008E-01  1.36183372E+00  1.11414291E+00  6.04476701E-01  1.12189665E+00  1.29434562E+00  7.12581630E-01  8.80934491E-01  1.35338931E+00  9.01934443E-01  7.15316794E-01  1.27548029E+00  1.09590374E+00  6.92001961E-01  1.08216815E+00  1.24090682E+00  7.89129074E-01  8.75474440E-01  1.27853154E+00  9.65103173E-01  7.41756242E-01  1.18879196E+00  1.14465206E+00  7.25455624E-01  1.01571668E+00  1.26305884E+00  8.34534415E-01  8.22233923E-01  1.28147305E+00  1.01384137E+00  6.89673798E-01  1.19260250E+00
  0.00000000E+00  2.89899545E-03  1.01477955E+00  1.89872401E+00  3.88379591E-01  5.76204849E-01  1.81911132E+00  8.31988947E-01  4.08336997E-01  1.49160468E+00  1.22358966E+00  4.32179017E-01  1.12147873E+00  1.45320784E+00  6.17283442E-01  7.96495222E-01  1.49756878E+00  8.77625263E-01  6.01842845E-01  1.35690529E+00  1.15700269E+00  5.77855943E-01  1.09305197E+00  1.34438674E+00  7.06069586E-01  8.40552960E-01  1.38637965E+00  9.13178071E-01  6.83033342E-01  1.27051205E+00  1.14048441E+00  6.65342890E-01  1.05874599E+00  1.28109981E+00  7.87134744E-01  8.54108424E-01  1.28690590E+00  9.71953528E-01  7.35364111E-01  1.18871760E+00  1.14446872E+00  7.28042502E-01  1.01673353E+00  1.25514961E+00  8.32149705E-01  8.53508900E-01  1.25067845E+00  9.94095753E-01  7.48901102E-01  1.15751962E+00
  0.00000000E+00  2.77219248E-03  1.03495452E+00  1.87207033E+00  3.90724783E-01  5.89865953E-01  1.81391319E+00  8.20484397E-01  4.11647445E-01  1.50609494E+00  1.21365365E+00  4.29911070E-01  1.11920341E+00  1.46753246E+00  5.94364509E-01  8.05125125E-01  1.51879227E+00  8.45597482E-01  6.21680376E-01  1.37240574E+00  1.11673993E+00  5.97819414E-01  1.11292191E+00  1.32237861E+00  6.95227111E-01  8.80248945E-01  1.36936690E+00  8.68064586E-01  7.43359011E-01  1.27900161E+00  1.06090380E+00  7.09644282E-01  1.11643789E+00  1.19953606E+00  7.77700744E-01  9.43497265E-01  1.24424715E+00  9.05030393E-01  8.29642976E-01  1.19586267E+00  1.02119772E+00  8.08023096E-01  1.10170025E+00  1.09632647E+00  8.70126358E-01  9.89384747E-01  1.10701237E+00  9.74210732E-01  8.99348044E-01  1.06757845E+00
  0.00000000E+00  1.92685439E-03  1.01558559E+00  1.90717195E+00  3.75036051E-01  5.93331738E-01  1.81302883E+00  8.12867505E-01  4.25096546E-01  1.50722911E+00  1.18937401E+00  4.49531125E-01  1.14680536E+00  1.42215462E+00  5.95066371E-01  8.55925781E-01  1.47228373E+00  8.20519650E-01  6.79170765E-01  1.37529152E+00  1.05114549E+00  6.37295701E-01  1.16776675E+00  1.22744977E+00  7.09716383E-01  9.62867650E-01  1.29558283E+00  8.46702209E-01  8.22937865E-01  1.25541672E+00  9.85268022E-01  7.80978805E-01  1.14512701E+00  1.10226052E+00  8.30949355E-01  9.92114288E-01  1.15743642E+00  9.22054808E-01  8.94748807E-01  1.13640060E+00  1.01118437E+00  8.77034571E-01  1.05145958E+00  1.07201245E+00  9.21513833E-01  9.73358576E-01  1.08074756E+00  9.87794751E-01  9.29789500E-01  1.04682102E+00
  0.00000000E+00  3.28214578E-03  1.02493926E+00  1.88166121E+00  3.90988261E-01  6.12050915E-01  1.78810606E+00  8.12366912E-01  4.46777914E-01  1.49163459E+00  1.17412299E+00  4.75507098E-01  1.13147761E+00  1.40640049E+00  6.30533033E-01  8.37635818E-01  1.44213418E+00  8.79552279E-01  6.75765766E-01  1.31181818E+00  1.09426836E+00  6.73486214E-01  1.09409432E+00  1.24223655E+00  7.75985531E-01  9.01662572E-01  1.28393257E+00  9.06770407E-01  8.10106470E-01  1.20696424E+00  1.02039585E+00  8.12342342E-01  1.09223997E+00  1.10109814E+00  8.69441714E-01  1.00135340E+00  1.09680658E+00  9.45533033E-01  9.46445536E-01  1.06106675E+00  1.01188029E+00  9.45418373E-01  1.01090909E+00  1.03853058E+00  9.68802211E-01  9.62061152E-01  1.06417486E+00  1.01550983E+00  9.11250341E-01  1.05181136E+00
  0.00000000E+00  2.64772018E-03  1.00058566E+00  1.91421537E+00  3.98382440E-01  5.56175741E-01  1.80626873E+00  8.80755393E-01  3.76451089E-01  1.45813930E+00  1.28827248E+00  4.30054837E-01  1.03956203E+00  1.51622434E+00  6.59974032E-01  7.04123109E-01  1.49379321E+00  9.98340079E-01  5.11594058E-01  1.29473111E+00  1.30810347E+00  5.15905616E-01  9.96583250E-01  1.47585324E+00  7.11074118E-01  7.04887351E-01  1.47670047E+00  9.87363160E-01  5.39278989E-01  1.29623392E+00  1.27423772E+00  5.41101246E-01  1.01390869E+00  1.45053256E+00  6.99186723E-01  7.37882230E-01  1.46179092E+00  9.70851286E-01  5.69496743E-01  1.27574081E+00  1.27036602E+00  5.50306829E-01  9.95007326E-01  1.47258476E+00  7.10876674E-01  6.97910374E-01  1.48300823E+00  9.92292873E-01  5.34607796E-01  1.28936922E+00
  0.00000000E+00  3.34226509E-03  1.04143712E+00  1.86562076E+00  3.83746874E-01  6.37291890E-01  1.77184977E+00  8.02108789E-01  4.62025723E-01  1.49854412E+00  1.13803859E+00  4.80206324E-01  1.22466417E+00  1.30633351E+00  6.11771168E-01  9.68890675E-01  1.34545284E+00  8.22501786E-01  7.85454627E-01  1.29591015E+00  9.95143801E-01  7.47906395E-01  1.15825116E+00  1.12104323E+00  7.96213826E-01  1.00789925E+00  1.16132905E+00  9.10581458E-01  9.20235799E-01  1.09313951E+00  1.04236513E+00  9.11254912E-01  9.66974812E-01  1.12182655E+00  9.55939621E-01  9.08327081E-01  1.09823151E+00  1.03168721E+00  9.07902822E-01  1.00232494E+00  1.08997678E+00  9.41751518E-01  9.44243480E-01  1.08232315E+00  1.01334316E+00  9.10312612E-01  1.05583869E+00  1.03221508E+00  9.31763130E-01  1.02779653E+00
  0.00000000E+00  2.15505360E-03  1.02111488E+00  1.89800075E+00  3.79109109E-01  5.93910867E-01  1.80838302E+00  8.14326355E-01  4.27132785E-01  1.50758701E+00  1.18889034E+00  4.47808823E-01  1.14236019E+00  1.42442341E+00  6.14427326E-01  8.38977383E-01  1.45091962E+00  8.67632415E-01  6.82655989E-01  1.30563186E+00  1.09397818E+00  6.80683437E-01  1.10255676E+00  1.21960395E+00  7.81948905E-01  9.23836880E-01  1.24986450E+00  9.13645094E-01  8.28842321E-01  1.18829221E+00  1.02289260E+00  8.24652769E-01  1.08797159E+00  1.09622115E+00  8.64308076E-01  9.92385429E-01  1.12729396E+00  9.25399457E-01  9.27472400E-01  1.11649708E+00  9.80792532E-01  9.13546155E-01  1.07519491E+00  1.01693897E+00  9.36542485E-01  1.01639074E+00  1.02805226E+00  9.90560270E-01  9.68594537E-01  1.02292655E+00
  0.00000000E+00  2.75174814E-03  1.02747805E+00  1.89504882E+00  3.67087145E-01  6.06498167E-01  1.81878924E+00  7.94141022E-01  4.28683116E-01  1.52571851E+00  1.17359240E+00  4.32576626E-01  1.16962188E+00  1.43077042E+00  5.65288636E-01  8.73035610E-01  1.49614654E+00  7.79696270E-01  6.92112559E-01  1.39432077E+00  1.02567384E+00  6.24994147E-01  1.21768352E+00  1.20308443E+00  6.70896867E-01  1.00955272E+00  1.30316252E+00  8.02966762E-01  8.32322644E-01  1.30034331E+00  9.54501432E-01  7.52292918E-01  1.20750239E+00  1.08353834E+00  7.71987339E-01  1.05406617E+00  1.16603518E+00  8.59171364E-01  9.24071866E-01  1.17742384E+00  9.60545698E-01  8.67905616E-01  1.10886517E+00  1.04681360E+00  8.91128362E-01  1.01369344E+00  1.07230878E+00  9.70072390E-01  9.43787081E-01  1.04358408E+00
  0.00000000E+00  2.04064612E-03  1.02539373E+00  1.89237395E+00  3.81023761E-01  5.81957832E-01  1.82737980E+00  8.10987183E-01  4.10996547E-01  1.51370834E+00  1.21031004E+00  4.22690721E-01  1.13276183E+00  1.46776300E+00  5.83983554E-01  8.05794048E-01  1.53193267E+00  8.27345126E-01  6.17717643E-01  1.41250797E+00  1.07394537E+00  5.90853890E-01  1.18325579E+00  1.25283704E+00  6.86666520E-01  9.47772510E-01  1.32646241E+00  8.44714833E-01  7.98533345E-01  1.26611638E+00  1.01281875E+00  7.50697919E-01  1.13147895E+00  1.15225002E+00  7.95846282E-01  9.71082580E-01  1.21747081E+00  8.92844351E-01  8.49156644E-01  1.19978477E+00  1.01392576E+00  8.11885553E-01  1.09057560E+00  1.11796974E+00  8.65227665E-01  9.55518684E-01  1.14122582E+00  9.77672431E-01  8.67755099E-01  1.08831943E+00
  0.00000000E+00  1.81220535E-03  9.87997924E-01  1.93725812E+00  3.88490550E-01  5.31221184E-01  1.85331949E+00  8.66812422E-01  3.42487565E-01  1.48038126E+00  1.31806583E+00  3.77860819E-01  1.05229683E+00  1.56752217E+00  5.98025604E-01  6.89274685E-01  1.58506574E+00  9.39073137E-01  4.77768695E-01  1.36849185E+00  1.28835323E+00  4.60022923E-01  1.03284136E+00  1.52553977E+00  6.44867437E-01  6.94853164E-01  1.53957268E+00  9.71586653E-01  4.96089053E-01  1.31930820E+00  1.31519852E+00  4.94192941E-01  9.94189914E-01  1.50315298E+00  6.95602699E-01  6.94021020E-01  1.47628520E+00  1.00455127E+00  5.27231954E-01  1.29283703E+00  1.28822348E+00  5.33164223E-01  9.92339864E-01  1.48552658E+00  6.94813806E-01  7.14880844E-01  1.48221357E+00  9.84498508E-01  5.32180269E-01  1.29196812E+00
  0.00000000E+00  2.77697988E-03  1.03546068E+00  1.86898246E+00  3.90755973E-01  6.18112460E-01  1.78751171E+00  8.09144942E-01  4.39785293E-01  1.51350771E+00  1.15441630E+00  4.74961628E-01  1.15008197E+00  1.38758585E+00  6.37760514E-01  8.54236991E-01  1.42624900E+00  8.64223209E-01  6.95192439E-01  1.30590054E+00  1.08676343E+00  6.68204726E-01  1.11975584E+00  1.22714134E+00  7.60211951E-01  9.32456660E-01  1.26373591E+00  9.02708796E-01  8.06352730E-01  1.20023690E+00  1.05673384E+00  7.90903077E-01  1.06111909E+00  1.15563549E+00  8.72904209E-01  9.03514384E-01  1.18182313E+00  9.94675690E-01  8.19799945E-01  1.09747008E+00  1.14447056E+00  7.99523291E-01  9.73012578E-01  1.22476868E+00  8.82216274E-01  8.48316868E-01  1.21789079E+00  1.01350017E+00  7.77431199E-01  1.13340906E+00
  0.00000000E+00  2.77697988E-03  1.03546068E+00  1.86898246E+00  3.90755973E-01  6.18112460E-01  1.78751171E+00  8.09144942E-01  4.39785293E-01  1.51350771E+00  1.15441630E+00  4.74961628E-01  1.15008197E+00  1.38758585E+00  6.37760514E-01  8.54236991E-01  1.42624900E+00  8.64223209E-01  6.95192439E-01  1.30590054E+00  1.08676343E+00  6.68204726E-01  1.11975584E+00  1.22714134E+00  7.60211951E-01  9.32456660E-01  1.26373591E+00  9.02708796E-01  8.06352730E-01  1.20023690E+00  1.05673384E+00  7.90903077E-01  1.06111909E+00  1.15563549E+00  8.72904209E-01  9.03514384E-01  1.18182313E+00  9.94675690E-01  8.19799945E-01  1.09747008E+00  1.14447056E+00  7.99523291E-01  9.73012578E-01  1.22476868E+00  8.82216274E-01  8.48316868E-01  1.21789079E+00  1.01350017E+00  7.77431199E-01  1.13340906E+00
  0.00000000E+00  1.78729454E-03  9.99601776E-01  1.92396774E+00  3.86996127E-01  5.54403679E-01  1.83552190E+00  8.50027564E-01  3.71841407E-01  1.49350133E+00  1.25817281E+00  4.13052618E-01  1.10485369E+00  1.48951140E+00  6.02031307E-01  7.74500733E-01  1.52667261E+00  8.64239892E-01  6.00136949E-01  1.37660312E+00  1.12373605E+00  5.86720489E-01  1.13493726E+00  1.29940245E+00  6.88540570E-01  9.11661952E-01  1.35029087E+00  8.59726103E-01  7.63283138E-01  1.27968780E+00  1.02981445E+00  7.34356095E-01  1.13415183E+00  1.14987016E+00  8.10004642E-01  9.48126822E-01  1.21366105E+00  9.34636956E-01  8.23907386E-01  1.16912681E+00  1.06484572E+00  7.92587370E-01  1.06456950E+00  1.15766303E+00  8.62281702E-01  9.11904658E-01  1.18566900E+00  9.94325920E-01  8.06027912E-01  1.12039170E+00
  0.00000000E+00  3.16432498E-03  9.96733863E-01  1.91599403E+00  4.02934229E-01  5.40883052E-01  1.80817756E+00  9.03217267E-01  3.43978144E-01  1.44386887E+00  1.36731827E+00  3.68783683E-01  9.80616304E-01  1.67270753E+00  5.78940474E-01  6.12900971E-01  1.63115659E+00  9.94658929E-01  3.94631100E-01  1.36042150E+00  1.39354714E+00  4.04670468E-01  9.69497726E-01  1.60920790E+00  6.53471798E-01  6.12564990E-01  1.58391774E+00  1.01794950E+00  4.25230435E-01  1.33595330E+00  1.34749135E+00  4.66322541E-01  9.66767800E-01  1.56894115E+00  6.67082739E-01  6.59566959E-01  1.53592547E+00  1.00113283E+00  4.64540827E-01  1.30784158E+00  1.36659608E+00  4.56898799E-01  9.69121700E-01  1.56613113E+00  6.73181294E-01  6.36734541E-01  1.57248354E+00  9.85088577E-01  4.57222562E-01  1.33716419E+00
  0.00000000E+00  1.75349262E-03  1.01110168E+00  1.90400763E+00  3.92674123E-01  5.65806531E-01  1.81146842E+00  8.63697611E-01  3.84505375E-01  1.45785191E+00  1.29811101E+00  4.11481046E-01  1.04187434E+00  1.54952851E+00  6.21114303E-01  6.91415619E-01  1.56831614E+00  9.31923808E-01  4.99725087E-01  1.37563535E+00  1.24235641E+00  4.98484281E-01  1.05223339E+00  1.47162278E+00  6.53382223E-01  7.53279076E-01  1.49469440E+00  9.28022225E-01  5.67938083E-01  1.32455557E+00  1.22680100E+00  5.54794795E-01  1.03778895E+00  1.41653334E+00  7.14137616E-01  7.55630123E-01  1.42934906E+00  9.84258026E-01  5.80942392E-01  1.27495365E+00  1.24988351E+00  5.71151731E-01  1.00992456E+00  1.42799930E+00  7.26436146E-01  7.39650955E-01  1.43056607E+00  9.96280919E-01  5.74884740E-01  1.26280599E+00
  0.00000000E+00  1.56625375E-03  1.03064002E+00  1.88282658E+00  3.98643956E-01  5.95694444E-01  1.76372935E+00  8.57767455E-01  4.43778153E-01  1.45846659E+00  1.18275619E+00  5.11757695E-01  1.11395270E+00  1.36486862E+00  6.83004880E-01  8.35948761E-01  1.41072635E+00  8.84565503E-01  6.86351351E-01  1.30452046E+00  1.08083333E+00  6.95396959E-01  1.06635792E+00  1.26663851E+00  7.88493806E-01  8.41817755E-01  1.32504786E+00  9.65640953E-01  6.88419670E-01  1.21776370E+00  1.16214433E+00  6.75853041E-01  1.05454861E+00  1.28237706E+00  7.82468093E-01  8.35805180E-01  1.32268393E+00  9.97313251E-01  6.22116179E-01  1.25056682E+00  1.24443224E+00  5.56341967E-01  1.05792887E+00  1.41423893E+00  7.08466592E-01  7.34066254E-01  1.44746622E+00  1.01907470E+00  5.23216029E-01  1.29424925E+00
  0.00000000E+00  2.13619416E-03  1.01281905E+00  1.89855595E+00  4.00544893E-01  5.61414313E-01  1.81027187E+00  8.64596190E-01  3.89194557E-01  1.46392421E+00  1.27389041E+00  4.31895664E-01  1.06230549E+00  1.49529051E+00  6.42353223E-01  7.55773164E-01  1.48142026E+00  9.27374331E-01  5.94685990E-01  1.30528688E+00  1.18896665E+00  6.06956522E-01  1.04869420E+00  1.35046162E+00  7.47382165E-01  8.08993486E-01  1.35955405E+00  9.71209615E-01  6.70619895E-01  1.23064557E+00  1.16678983E+00  6.80114607E-01  1.03964414E+00  1.26847355E+00  8.16085071E-01  8.55332289E-01  1.24466887E+00  1.01026984E+00  7.54451698E-01  1.14079717E+00  1.14734807E+00  7.74028811E-01  9.96548578E-01  1.21874541E+00  8.73702543E-01  8.55041128E-01  1.20872423E+00  1.01602791E+00  7.71769741E-01  1.13755291E+00
  0.00000000E+00  2.13619416E-03  1.01281905E+00  1.89855595E+00  4.00544893E-01  5.61414313E-01  1.81027187E+00  8.64596190E-01  3.89194557E-01  1.46392421E+00  1.27389041E+00  4.31895664E-01  1.06230549E+00  1.49529051E+00  6.42353223E-01  7.55773164E-01  1.48142026E+00  9.27374331E-01  5.94685990E-01  1.30528688E+00  1.18896665E+00  6.06956522E-01  1.04869420E+00  1.35046162E+00  7.47382165E-01  8.08993486E-01  1.35955405E+00  9.71209615E-01  6.70619895E-01  1.23064557E+00  1.16678983E+00  6.80114607E-01  1.03964414E+00  1.26847355E+00  8.16085071E-01  8.55332289E-01  1.24466887E+00  1.01026984E+00  7.54451698E-01  1.14079717E+00  1.14734807E+00  7.74028811E-01  9.96548578E-01  1.21874541E+00  8.73702543E-01  8.55041128E-01  1.20872423E+00  1.01602791E+00  7.71769741E-01  1.13755291E+00
  0.00000000E+00  2.04907213E-03  1.02771023E+00  1.88196366E+00  3.93048373E-01  5.94337293E-01  1.78460750E+00  8.51094029E-01  4.04699899E-01  1.48108316E+00  1.23326112E+00  4.45707741E-01  1.08266636E+00  1.47274478E+00  6.54123767E-01  7.45510521E-01  1.49470999E+00  9.26198463E-01  5.79260036E-01  1.32500272E+00  1.18343971E+00  5.92261045E-01  1.06316251E+00  1.34674819E+00  7.48774750E-01  8.11941144E-01  1.37627766E+00  9.43052256E-01  6.58700986E-01  1.28541968E+00  1.12838807E+00  6.50621166E-01  1.09241478E+00  1.29178663E+00  7.41214380E-01  8.66266014E-01  1.33490877E+00  9.32349561E-01  7.00758599E-01  1.25970883E+00  1.11422082E+00  6.93209876E-01  1.08050314E+00  1.23031291E+00  7.91765665E-01  8.68246758E-01  1.28773352E+00  9.73025856E-01  7.42322385E-01  1.16401895E+00
  0.00000000E+00  2.15302259E-03  1.01053619E+00  1.91257823E+00  3.80435363E-01  5.68917033E-01  1.83163801E+00  8.29713917E-01  3.92625814E-01  1.50687006E+00  1.23302230E+00  4.12306074E-01  1.12718313E+00  1.46953229E+00  5.92113128E-01  8.00718980E-01  1.51926695E+00  8.47042695E-01  6.23964979E-01  1.36636100E+00  1.11833297E+00  6.00680536E-01  1.12640655E+00  1.28932048E+00  7.11814858E-01  8.99136383E-01  1.32934355E+00  8.96344460E-01  7.52176669E-01  1.24056274E+00  1.09243069E+00  7.16450799E-01  1.07519360E+00  1.21979661E+00  8.04942044E-01  9.01125473E-01  1.24904063E+00  9.48443951E-01  7.92430256E-01  1.16163163E+00  1.11027535E+00  7.69062976E-01  1.04129927E+00  1.18475940E+00  8.65062454E-01  8.84537581E-01  1.20136035E+00  1.00861615E+00  7.82490607E-01  1.13328517E+00
  0.00000000E+00  2.58772708E-03  1.02245458E+00  1.88864726E+00  3.86093457E-01  6.07884687E-01  1.78244551E+00  8.26914808E-01  4.48770341E-01  1.46837781E+00  1.19756159E+00  4.80751524E-01  1.11363296E+00  1.41112886E+00  6.43159161E-01  8.25912973E-01  1.44009369E+00  8.86115549E-01  6.61385684E-01  1.31509162E+00  1.11727183E+00  6.46328580E-01  1.09156104E+00  1.27486597E+00  7.50186993E-01  8.75695209E-01  1.32883228E+00  9.11726927E-01  7.41011105E-01  1.24399373E+00  1.09119830E+00  7.24408939E-01  1.06234432E+00  1.22732746E+00  8.23869065E-01  8.66484210E-01  1.24651755E+00  9.98975284E-01  7.40300412E-01  1.16675010E+00  1.15396927E+00  7.44992800E-01  9.90677160E-01  1.26378484E+00  8.47276762E-01  8.33456220E-01  1.25348147E+00  1.01085488E+00  7.35799554E-01  1.16038128E+00
  0.00000000E+00  2.80280280E-03  1.00445039E+00  1.92538597E+00  3.69891196E-01  5.73469847E-01  1.83474141E+00  8.22735199E-01  3.96196486E-01  1.49581553E+00  1.25218653E+00  4.03067560E-01  1.11127403E+00  1.49924272E+00  5.73784074E-01  8.04616501E-01  1.53103103E+00  8.30776138E-01  6.21160726E-01  1.39533417E+00  1.08694985E+00  6.01153037E-01  1.15533272E+00  1.27920892E+00  6.88259709E-01  9.13842103E-01  1.35696537E+00  8.45546416E-01  7.72817020E-01  1.28982287E+00  1.00746558E+00  7.52150992E-01  1.13872104E+00  1.12921617E+00  8.04142403E-01  1.00072377E+00  1.16936589E+00  8.97883681E-01  9.16826101E-01  1.14148946E+00  9.88452220E-01  8.84271373E-01  1.08267021E+00  1.03239167E+00  9.23193193E-01  1.00837577E+00  1.04759615E+00  9.81026679E-01  9.61290421E-01  1.02822025E+00
  0.00000000E+00  1.73709942E-03  1.01569497E+00  1.89515922E+00  3.99564057E-01  5.70007979E-01  1.79905268E+00  8.65872829E-01  3.98802426E-01  1.44420595E+00  1.28495075E+00  4.38219959E-01  1.05124806E+00  1.50305378E+00  6.45499412E-01  7.20728264E-01  1.51727365E+00  9.42359751E-01  5.49493116E-01  1.32367048E+00  1.23243925E+00  5.57195456E-01  1.04324992E+00  1.40352077E+00  7.10062962E-01  7.84662924E-01  1.39972045E+00  9.70465248E-01  6.25879648E-01  1.25595117E+00  1.21493508E+00  6.07619358E-01  1.03521130E+00  1.36033903E+00  7.53727060E-01  7.92723448E-01  1.36751462E+00  9.81287519E-01  6.52443893E-01  1.23311268E+00  1.20050674E+00  6.45442979E-01  1.01795317E+00  1.33741103E+00  7.76736737E-01  7.97362580E-01  1.34190887E+00  1.00184982E+00  6.42090061E-01  1.22341515E+00
  0.00000000E+00  1.93014734E-03  1.00479601E+00  1.91936510E+00  3.83967159E-01  5.61715039E-01  1.81941570E+00  8.53636601E-01  3.80522975E-01  1.48530702E+00  1.27208883E+00  4.08363001E-01  1.06799841E+00  1.53481533E+00  6.07008111E-01  7.22382902E-01  1.55410637E+00  9.08571976E-01  5.50261104E-01  1.33941539E+00  1.22322708E+00  5.54032473E-01  1.04945847E+00  1.39288932E+00  7.23183080E-01  7.87073118E-01  1.38965810E+00  9.72353158E-01  6.39589715E-01  1.23140763E+00  1.22654938E+00  6.25530411E-01  9.95824172E-01  1.37714012E+00  7.80196096E-01  7.50818270E-01  1.37356101E+00  1.02416111E+00  6.11102678E-01  1.21499640E+00  1.25244760E+00  6.27967128E-01  9.89103690E-01  1.37387133E+00  7.77747727E-01  7.61982736E-01  1.37212716E+00  1.00515922E+00  6.26695184E-01  1.22781258E+00
  0.00000000E+00  1.82757320E-03  1.02214068E+00  1.88815777E+00  3.92938684E-01  5.75932794E-01  1.81594179E+00  8.41430022E-01  3.91995589E-01  1.49351629E+00  1.25128624E+00  4.14894954E-01  1.08176649E+00  1.51456777E+00  6.03684890E-01  7.52075244E-01  1.54547561E+00  8.82899800E-01  5.60132469E-01  1.37956821E+00  1.18017846E+00  5.39233626E-01  1.09624721E+00  1.38850033E+00  6.67062912E-01  8.29695598E-01  1.42306825E+00  9.01106613E-01  6.60066307E-01  1.29576797E+00  1.14223267E+00  6.39792954E-01  1.07270422E+00  1.30669438E+00  7.48897739E-01  8.48877282E-01  1.33346072E+00  9.50721976E-01  6.99870578E-01  1.22549752E+00  1.16537854E+00  6.76482981E-01  1.02064522E+00  1.31579829E+00  7.80480398E-01  8.17213227E-01  1.33341589E+00  9.72991933E-01  6.96438583E-01  1.19457807E+00
  0.00000000E+00  2.47900074E-03  1.02389288E+00  1.88663040E+00  3.89983897E-01  6.05407872E-01  1.78272214E+00  8.28250569E-01  4.41341051E-01  1.47093369E+00  1.19969288E+00  4.86175886E-01  1.10370690E+00  1.40432955E+00  6.73392523E-01  8.05361303E-01  1.41698525E+00  9.43267325E-01  6.42653958E-01  1.25281615E+00  1.18741785E+00  6.53401953E-01  1.02470151E+00  1.30599861E+00  8.11493668E-01  8.15050268E-01  1.29059871E+00  1.00996591E+00  7.08539409E-01  1.15769465E+00  1.18806023E+00  7.29938924E-01  9.75836996E-01  1.27547011E+00  8.61291146E-01  8.15898362E-01  1.24903817E+00  1.02544153E+00  7.35834385E-01  1.13151760E+00  1.18843510E+00  7.42865909E-01  9.74562679E-01  1.27819269E+00  8.47045886E-01  8.19548099E-01  1.26650346E+00  1.00624726E+00  7.26157607E-01  1.17056143E+00
  0.00000000E+00  3.52017937E-03  1.03428749E+00  1.86982063E+00  3.72224714E-01  6.38988540E-01  1.79518435E+00  7.82252118E-01  4.14701046E-01  1.58372945E+00  1.13389636E+00  4.10119581E-01  1.20755855E+00  1.42636024E+00  5.42590932E-01  8.96375187E-01  1.52325610E+00  7.35478326E-01  6.68348281E-01  1.47068261E+00  9.81696562E-01  6.20976582E-01  1.21553812E+00  1.22755854E+00  6.70443448E-01  9.75717489E-01  1.32463378E+00  7.88432985E-01  8.48699552E-01  1.29444444E+00  9.57914798E-01  7.67600897E-01  1.14219980E+00  1.15291480E+00  7.69840558E-01  9.81833582E-01  1.24043597E+00  8.89840558E-01  8.45899352E-01  1.18995267E+00  1.00159442E+00  8.50321375E-01  1.05769557E+00  1.11355257E+00  8.83659691E-01  9.40969108E-01  1.14579721E+00  9.86315396E-01  8.36310413E-01  1.12116841E+00
  0.00000000E+00  2.65482874E-03  1.01284371E+00  1.90096807E+00  3.95312124E-01  5.63376420E-01  1.80655119E+00  8.72948166E-01  3.74746776E-01  1.46745209E+00  1.29708810E+00  3.96584410E-01  1.05946845E+00  1.55021978E+00  6.04429357E-01  7.12270531E-01  1.56300794E+00  9.21204248E-01  5.21882317E-01  1.35856973E+00  1.23691590E+00  5.18649229E-01  1.04973901E+00  1.44287911E+00  6.71685889E-01  7.65360868E-01  1.48294584E+00  9.14395555E-01  5.97910809E-01  1.32392595E+00  1.18225428E+00  5.77861485E-01  1.07343401E+00  1.36657106E+00  7.12671512E-01  8.06400894E-01  1.39726625E+00  9.55753144E-01  6.28768914E-01  1.26591461E+00  1.20949819E+00  6.15147756E-01  1.03252441E+00  1.35107238E+00  7.62348290E-01  7.98328038E-01  1.34204712E+00  1.00642019E+00  6.42041026E-01  1.22102334E+00
  0.00000000E+00  2.59865255E-03  1.01054860E+00  1.91081321E+00  3.82830561E-01  5.63113189E-01  1.83032220E+00  8.44317949E-01  3.81390531E-01  1.48885314E+00  1.26465359E+00  4.09396856E-01  1.08668271E+00  1.51353469E+00  6.02543196E-01  7.49578196E-01  1.53062591E+00  9.04196190E-01  5.65860183E-01  1.34907527E+00  1.18877355E+00  5.66325527E-01  1.06694120E+00  1.37772492E+00  7.19588432E-01  7.86897964E-01  1.40558718E+00  9.67408222E-01  6.13851536E-01  1.27780283E+00  1.20364896E+00  6.09537406E-01  1.03653788E+00  1.35094520E+00  7.64681088E-01  7.75917778E-01  1.37282827E+00  9.99651374E-01  6.15563194E-01  1.24267382E+00  1.24012772E+00  6.05547764E-01  9.93755137E-01  1.41241181E+00  7.46041065E-01  7.43502299E-01  1.41536154E+00  9.99949280E-01  5.86280306E-01  1.25653528E+00
  0.00000000E+00  3.05290798E-03  1.03177540E+00  1.87115159E+00  3.96979008E-01  6.09182371E-01  1.77554293E+00  8.31301156E-01  4.41644253E-01  1.45502009E+00  1.23129608E+00  4.56262204E-01  1.10237542E+00  1.45631791E+00  6.22696610E-01  8.00454512E-01  1.48212053E+00  8.72990527E-01  6.32371937E-01  1.35251266E+00  1.10917932E+00  6.17279308E-01  1.11020702E+00  1.30321220E+00  7.05811173E-01  8.88555367E-01  1.35604967E+00  8.77550884E-01  7.38396222E-01  1.27770655E+00  1.07539351E+00  7.03045074E-01  1.09036790E+00  1.23141199E+00  7.87817818E-01  8.90384733E-01  1.27211429E+00  9.48698409E-01  7.62500181E-01  1.18455484E+00  1.12117233E+00  7.54727771E-01  1.02444749E+00  1.23350713E+00  8.31033352E-01  8.65565566E-01  1.25039489E+00  9.84499427E-01  7.57638218E-01  1.15506260E+00
  0.00000000E+00  2.02637420E-03  1.02373141E+00  1.89839477E+00  3.69149874E-01  6.01563738E-01  1.81934311E+00  8.01923083E-01  4.23056390E-01  1.51564144E+00  1.18830178E+00  4.44082923E-01  1.14247770E+00  1.42925331E+00  6.00058754E-01  8.40198169E-01  1.49379350E+00  8.18007428E-01  6.73935530E-01  1.36848762E+00  1.04503416E+00  6.49466278E-01  1.17291668E+00  1.21181718E+00  7.24706155E-01  9.51655133E-01  1.29909808E+00  8.45745601E-01  8.06186041E-01  1.28623609E+00  9.84579942E-01  7.62535289E-01  1.15614876E+00  1.11459895E+00  8.05636941E-01  9.93199286E-01  1.18460954E+00  8.95493900E-01  8.92613483E-01  1.16614266E+00  9.78741930E-01  8.81711857E-01  1.08575430E+00  1.03983694E+00  9.25208397E-01  9.86612264E-01  1.07041288E+00  9.88713931E-01  9.31071506E-01  1.04342226E+00
  0.00000000E+00  2.94366830E-03  1.01219379E+00  1.90124762E+00  3.92217725E-01  5.83769131E-01  1.78748604E+00  8.59726683E-01  4.07414806E-01  1.46422771E+00  1.25196878E+00  4.41058015E-01  1.08203000E+00  1.47573661E+00  6.38212415E-01  7.67157883E-01  1.49362783E+00  9.03716180E-01  6.06181544E-01  1.33002147E+00  1.15653189E+00  6.09106643E-01  1.07843220E+00  1.30523088E+00  7.57144246E-01  8.49200215E-01  1.30741466E+00  9.72773788E-01  7.11114013E-01  1.20276784E+00  1.15991484E+00  6.99482526E-01  1.03480713E+00  1.26352193E+00  8.14653639E-01  8.49583206E-01  1.27504911E+00  9.74424860E-01  7.36468643E-01  1.20703094E+00  1.11947687E+00  7.29041650E-01  1.04250642E+00  1.23341370E+00  8.29907299E-01  8.62292582E-01  1.24756728E+00  1.00890514E+00  7.19654727E-01  1.17497657E+00
  0.00000000E+00  3.20146233E-03  1.02034440E+00  1.89102030E+00  3.90193382E-01  5.91450436E-01  1.78996286E+00  8.46479668E-01  4.16857002E-01  1.47327153E+00  1.23323933E+00  4.43926680E-01  1.10106556E+00  1.46245202E+00  6.20195413E-01  8.07754421E-01  1.46457762E+00  8.84557746E-01  6.54683524E-01  1.31188710E+00  1.11824564E+00  6.51658325E-01  1.09035485E+00  1.27179876E+00  7.50248945E-01  8.87230854E-01  1.30888947E+00  9.07051254E-01  7.80016828E-01  1.22899566E+00  1.05226009E+00  7.66059248E-01  1.09809012E+00  1.13663635E+00  8.41075568E-01  9.62865619E-01  1.16836402E+00  9.39816773E-01  8.71317549E-01  1.13920834E+00  1.01890920E+00  8.72322903E-01  1.05845541E+00  1.07688979E+00  9.11630326E-01  9.71731296E-01  1.08878734E+00  9.85981779E-01  9.20078629E-01  1.05124197E+00
  0.00000000E+00  2.86924606E-03  1.02007573E+00  1.88864575E+00  3.94460402E-01  5.91088625E-01  1.78339542E+00  8.53547751E-01  4.19631661E-01  1.46828916E+00  1.23036558E+00  4.59108964E-01  1.08918295E+00  1.45490403E+00  6.37662880E-01  7.86962034E-01  1.47863588E+00  8.90038009E-01  6.23820487E-01  1.33427036E+00  1.13954085E+00  6.08472676E-01  1.08457951E+00  1.33826624E+00  7.03207846E-01  8.53135309E-01  1.38150339E+00  9.03056100E-01  6.93370907E-01  1.28766317E+00  1.11977079E+00  6.48690430E-01  1.09827248E+00  1.26869899E+00  7.50277814E-01  8.88128563E-01  1.30813727E+00  9.16004700E-01  7.46916046E-01  1.24953591E+00  1.08411687E+00  7.17310644E-01  1.09211371E+00  1.19775123E+00  8.14624480E-01  9.01933963E-01  1.23772802E+00  9.70232842E-01  7.77459924E-01  1.14587776E+00
