# PIMCID: b561ebee-926e-4877-8859-9a9056ff72c9
#      0.000E+00       1.000E+00       2.000E+00       3.000E+00       4.000E+00       5.000E+00       6.000E+00       7.000E+00       8.000E+00       9.000E+00       1.000E+01       1.100E+01       1.200E+01       1.300E+01       1.400E+01       1.500E+01       1.600E+01       1.700E+01       1.800E+01       1.900E+01       2.000E+01       2.100E+01       2.200E+01       2.300E+01       2.400E+01       2.500E+01       2.600E+01       2.700E+01       2.800E+01       2.900E+01       3.000E+01       3.100E+01       3.200E+01       3.300E+01       3.400E+01       3.500E+01       3.600E+01       3.700E+01       3.800E+01       3.900E+01       4.000E+01       4.100E+01       4.200E+01       4.300E+01       4.400E+01       4.500E+01       4.600E+01       4.700E+01       4.800E+01       4.900E+01
  0.00000000E+00  2.30826338E-03  1.01262026E+00  1.90276683E+00  3.90650829E-01  5.76144709E-01  1.81067006E+00  8.41417204E-01  4.01427674E-01  1.48844460E+00  1.23594122E+00  4.33641901E-01  1.10154017E+00  1.47050787E+00  6.19707232E-01  7.82175585E-01  1.49806807E+00  8.85801877E-01  6.07682980E-01  1.35090476E+00  1.13972132E+00  6.00392706E-01  1.09837359E+00  1.31607504E+00  7.22154075E-01  8.58775246E-01  1.35441894E+00  9.17745227E-01  7.10977481E-01  1.25230446E+00  1.12079112E+00  6.85249653E-01  1.07442522E+00  1.25802562E+00  7.75379856E-01  8.79320998E-01  1.29131555E+00  9.44744827E-01  7.44869511E-01  1.21038166E+00  1.11644033E+00  7.34822873E-01  1.04026383E+00  1.22961624E+00  8.32424000E-01  8.63340186E-01  1.24733653E+00  9.91388270E-01  7.56777645E-01  1.15305922E+00
  0.00000000E+00  2.30826338E-03  1.01262026E+00  1.90276683E+00  3.90650829E-01  5.76144709E-01  1.81067006E+00  8.41417204E-01  4.01427674E-01  1.48844460E+00  1.23594122E+00  4.33641901E-01  1.10154017E+00  1.47050787E+00  6.19707232E-01  7.82175585E-01  1.49806807E+00  8.85801877E-01  6.07682980E-01  1.35090476E+00  1.13972132E+00  6.00392706E-01  1.09837359E+00  1.31607504E+00  7.22154075E-01  8.58775246E-01  1.35441894E+00  9.17745227E-01  7.10977481E-01  1.25230446E+00  1.12079112E+00  6.85249653E-01  1.07442522E+00  1.25802562E+00  7.75379856E-01  8.79320998E-01  1.29131555E+00  9.44744827E-01  7.44869511E-01  1.21038166E+00  1.11644033E+00  7.34822873E-01  1.04026383E+00  1.22961624E+00  8.32424000E-01  8.63340186E-01  1.24733653E+00  9.91388270E-01  7.56777645E-01  1.15305922E+00
  0.00000000E+00  2.14426791E-03  1.01406429E+00  1.90464038E+00  3.86632758E-01  5.77794208E-01  1.81041459E+00  8.39506755E-01  4.06723647E-01  1.48403213E+00  1.23593956E+00  4.29656372E-01  1.10900617E+00  1.47103490E+00  6.09178159E-01  7.87767990E-01  1.50767728E+00  8.73165889E-01  6.09738696E-01  1.35933931E+00  1.13310332E+00  5.92989530E-01  1.11650709E+00  1.31059514E+00  7.06633982E-01  8.77239264E-01  1.35865013E+00  8.88275916E-01  7.32962439E-01  1.26956234E+00  1.08109119E+00  7.03123066E-01  1.09737979E+00  1.21828483E+00  7.84439725E-01  9.14774439E-01  1.26170556E+00  9.23907678E-01  7.94064461E-01  1.19495359E+00  1.07624823E+00  7.77628161E-01  1.04779543E+00  1.18177530E+00  8.54435006E-01  9.01719015E-01  1.19633090E+00  9.88339363E-01  8.10138780E-01  1.12022233E+00
  0.00000000E+00  2.14712286E-03  1.01346596E+00  1.90049014E+00  3.92179280E-01  5.80248667E-01  1.80411748E+00  8.42128747E-01  4.08700541E-01  1.48102143E+00  1.23321429E+00  4.42265564E-01  1.10029840E+00  1.46480736E+00  6.23333134E-01  7.88238560E-01  1.49183614E+00  8.84968342E-01  6.19056265E-01  1.33545369E+00  1.14490682E+00  6.06578585E-01  1.09110652E+00  1.31912038E+00  7.21691533E-01  8.57889828E-01  1.35517886E+00  9.14096710E-01  7.20131024E-01  1.24654163E+00  1.11493059E+00  7.03670881E-01  1.06381549E+00  1.24359678E+00  7.93467354E-01  8.90903389E-01  1.25908543E+00  9.47985300E-01  7.85709150E-01  1.17246010E+00  1.10568259E+00  7.70023369E-01  1.02613118E+00  1.21405497E+00  8.47955939E-01  8.76796493E-01  1.21943236E+00  9.92465896E-01  7.86506481E-01  1.13344658E+00
  0.00000000E+00  2.36505199E-03  1.02222797E+00  1.89327777E+00  3.83202522E-01  6.00152236E-01  1.79979655E+00  8.20478131E-01  4.32417307E-01  1.49041995E+00  1.19610528E+00  4.56787201E-01  1.13745484E+00  1.41461131E+00  6.18360593E-01  8.53080943E-01  1.44346240E+00  8.49266517E-01  6.97751476E-01  1.32574768E+00  1.06340057E+00  6.72186689E-01  1.13863963E+00  1.21094076E+00  7.45982303E-01  9.62161084E-01  1.25101078E+00  8.79609308E-01  8.48198255E-01  1.19313929E+00  1.01969744E+00  8.17496299E-01  1.08467193E+00  1.11125603E+00  8.59625856E-01  9.75335214E-01  1.14072408E+00  9.45237150E-01  8.98741182E-01  1.10983191E+00  1.03021059E+00  8.82152201E-01  1.03817073E+00  1.08119054E+00  9.26469492E-01  9.60433366E-01  1.08600111E+00  9.97735451E-01  9.09152427E-01  1.05696591E+00
  0.00000000E+00  2.27257263E-03  1.01384228E+00  1.90242612E+00  3.87668232E-01  5.84611372E-01  1.80589712E+00  8.34610465E-01  4.15893266E-01  1.48070876E+00  1.22569663E+00  4.45605906E-01  1.11105418E+00  1.45036946E+00  6.19797691E-01  8.09369939E-01  1.48033998E+00  8.64229435E-01  6.49602186E-01  1.34234334E+00  1.10216121E+00  6.27834252E-01  1.14055272E+00  1.24622304E+00  7.28604477E-01  9.37194212E-01  1.28353337E+00  8.80747998E-01  8.16548956E-01  1.21685378E+00  1.02969767E+00  7.89259486E-01  1.10224830E+00  1.12341952E+00  8.38045179E-01  9.86667120E-01  1.15083668E+00  9.18777528E-01  9.09552743E-01  1.12492459E+00  1.00575242E+00  8.89571568E-01  1.05755506E+00  1.05609421E+00  9.24673062E-01  9.84083600E-01  1.07229480E+00  9.85516999E-01  9.35452813E-01  1.04231703E+00
  0.00000000E+00  2.37073622E-03  1.02226321E+00  1.88630550E+00  3.95525544E-01  5.90959853E-01  1.78820737E+00  8.46157329E-01  4.21531958E-01  1.47252920E+00  1.22463206E+00  4.52866012E-01  1.10390458E+00  1.44925897E+00  6.27420212E-01  8.09867263E-01  1.46944196E+00  8.73245014E-01  6.47756855E-01  1.33489650E+00  1.11242201E+00  6.32962220E-01  1.11160176E+00  1.27246609E+00  7.32504845E-01  9.04767197E-01  1.31061566E+00  8.95743170E-01  7.75282537E-01  1.23585618E+00  1.05756890E+00  7.52307798E-01  1.08940783E+00  1.17342388E+00  8.14565176E-01  9.46662722E-01  1.20250982E+00  9.34631716E-01  8.46686046E-01  1.14785083E+00  1.05528116E+00  8.32763458E-01  1.04397970E+00  1.12657663E+00  8.90636415E-01  9.39428924E-01  1.13568589E+00  9.84544769E-01  8.74559003E-01  1.08090086E+00
  0.00000000E+00  2.40995583E-03  1.00703845E+00  1.90867879E+00  3.89722789E-01  5.81536131E-01  1.80702090E+00  8.39074924E-01  4.08687564E-01  1.48359044E+00  1.23344971E+00  4.35077302E-01  1.11179607E+00  1.45466078E+00  6.16292332E-01  8.10984823E-01  1.47668960E+00  8.70652962E-01  6.40713841E-01  1.34274663E+00  1.11315636E+00  6.24362046E-01  1.11333900E+00  1.28443765E+00  7.23941273E-01  8.97580700E-01  1.31891211E+00  8.98236493E-01  7.75881753E-01  1.22710499E+00  1.06270869E+00  7.63488221E-01  1.07089534E+00  1.17452486E+00  8.36823536E-01  9.27926436E-01  1.19573479E+00  9.49276249E-01  8.51039755E-01  1.12859271E+00  1.06101852E+00  8.49914486E-01  1.02695152E+00  1.12249632E+00  9.12292728E-01  9.26766338E-01  1.12501104E+00  1.00096783E+00  8.71235984E-01  1.07789161E+00
  0.00000000E+00  2.34565854E-03  1.01671144E+00  1.90002174E+00  3.86683985E-01  5.85547265E-01  1.80271486E+00  8.36890510E-01  4.18563349E-01  1.48297739E+00  1.21786345E+00  4.49166344E-01  1.11587649E+00  1.44132390E+00  6.19882091E-01  8.20108698E-01  1.47196761E+00  8.63569889E-01  6.51809724E-01  1.33941414E+00  1.10764255E+00  6.26434901E-01  1.12110448E+00  1.27080565E+00  7.27259898E-01  9.10776912E-01  1.30464434E+00  9.00042189E-01  7.78169642E-01  1.22438899E+00  1.06824057E+00  7.55488679E-01  1.07575342E+00  1.18208884E+00  8.25720076E-01  9.26745150E-01  1.21092430E+00  9.42358739E-01  8.34020524E-01  1.14962011E+00  1.06476888E+00  8.26550231E-01  1.03361742E+00  1.14524291E+00  8.84899317E-01  9.18857201E-01  1.16245601E+00  9.86383684E-01  8.49397557E-01  1.09549163E+00
  0.00000000E+00  2.28887135E-03  1.01555187E+00  1.89996597E+00  3.91036745E-01  5.75887924E-01  1.80529580E+00  8.51399632E-01  3.96866439E-01  1.47808594E+00  1.25287591E+00  4.28383934E-01  1.08561344E+00  1.49206279E+00  6.14657020E-01  7.69123038E-01  1.51043883E+00  8.94801894E-01  5.87400859E-01  1.35215399E+00  1.16676471E+00  5.76268350E-01  1.08974884E+00  1.34959467E+00  7.05660616E-01  8.40907130E-01  1.37949399E+00  9.16819083E-01  6.91855126E-01  1.26504815E+00  1.12683908E+00  6.73933877E-01  1.07712619E+00  1.25739121E+00  7.78556345E-01  8.86071034E-01  1.27775813E+00  9.43384373E-01  7.65698676E-01  1.19193896E+00  1.11076436E+00  7.50873454E-01  1.03776866E+00  1.21894168E+00  8.37721828E-01  8.78969569E-01  1.22420293E+00  9.93149873E-01  7.76911164E-01  1.13928036E+00
  0.00000000E+00  2.33387386E-03  1.01650248E+00  1.90135756E+00  3.83784501E-01  5.83779602E-01  1.81350309E+00  8.28647512E-01  4.11298098E-01  1.49188102E+00  1.22197139E+00  4.38040269E-01  1.11887723E+00  1.44924310E+00  6.20159961E-01  8.06306882E-01  1.47377335E+00  8.82467484E-01  6.33840580E-01  1.33041097E+00  1.13306831E+00  6.22326780E-01  1.09973193E+00  1.28950171E+00  7.35065369E-01  8.86053343E-01  1.31916996E+00  9.11262288E-01  7.57714773E-01  1.22647208E+00  1.08576315E+00  7.42845512E-01  1.06892301E+00  1.19610419E+00  8.18665755E-01  9.21073781E-01  1.21719013E+00  9.47371879E-01  8.22703456E-01  1.15272812E+00  1.07871710E+00  8.12585048E-01  1.02876575E+00  1.16318030E+00  8.79591061E-01  9.07958346E-01  1.17124658E+00  9.91526300E-01  8.34916388E-01  1.10293200E+00
  0.00000000E+00  2.27923838E-03  1.01635237E+00  1.90108366E+00  3.83787351E-01  5.80697216E-01  1.81310597E+00  8.37507127E-01  4.05006863E-01  1.48834372E+00  1.23104952E+00  4.35438356E-01  1.10459754E+00  1.46622356E+00  6.21259283E-01  7.86920072E-01  1.49523141E+00  8.81957555E-01  6.17715834E-01  1.34172843E+00  1.14161440E+00  5.97488474E-01  1.10547179E+00  1.31242002E+00  7.19068384E-01  8.68940626E-01  1.34316862E+00  9.19226411E-01  7.23098582E-01  1.24062542E+00  1.11760391E+00  6.97930173E-01  1.07929223E+00  1.22586598E+00  7.99229930E-01  9.04344138E-01  1.24285433E+00  9.53376623E-01  7.92025129E-01  1.16676908E+00  1.09983881E+00  7.83869004E-01  1.03021293E+00  1.18694858E+00  8.62920494E-01  8.97323408E-01  1.18493155E+00  9.97798543E-01  8.14410657E-01  1.11438004E+00
  0.00000000E+00  2.41503899E-03  1.02013486E+00  1.89471238E+00  3.83163054E-01  5.95849968E-01  1.80605352E+00  8.18909280E-01  4.31990055E-01  1.48251485E+00  1.20418688E+00  4.58366245E-01  1.12165415E+00  1.43501324E+00  6.20869643E-01  8.25574158E-01  1.46219325E+00  8.64329613E-01  6.59715246E-01  1.33583637E+00  1.09895936E+00  6.36105030E-01  1.12667990E+00  1.25666774E+00  7.29192960E-01  9.19611505E-01  1.30766903E+00  8.87866137E-01  7.76204479E-01  1.24285147E+00  1.05369822E+00  7.44068470E-01  1.10487658E+00  1.16740860E+00  8.17410746E-01  9.42652214E-01  1.20241075E+00  9.39634042E-01  8.41683122E-01  1.14600057E+00  1.06464513E+00  8.27532017E-01  1.03887923E+00  1.13992452E+00  8.79470559E-01  9.37352436E-01  1.14093260E+00  9.88516134E-01  8.62094155E-01  1.08885383E+00
  0.00000000E+00  2.32081329E-03  1.01922065E+00  1.89735834E+00  3.84422441E-01  5.92294716E-01  1.80046208E+00  8.32795006E-01  4.22078771E-01  1.47758998E+00  1.22313427E+00  4.46871183E-01  1.11068638E+00  1.45293010E+00  6.14575103E-01  8.12837137E-01  1.47916709E+00  8.66693105E-01  6.46331662E-01  1.34380053E+00  1.10571538E+00  6.25445536E-01  1.12439890E+00  1.26952188E+00  7.24143725E-01  9.11399720E-01  1.31460069E+00  8.82128066E-01  7.83408215E-01  1.24579828E+00  1.03957272E+00  7.57057790E-01  1.10586634E+00  1.15402859E+00  8.20671716E-01  9.56785726E-01  1.18694436E+00  9.37915771E-01  8.56335755E-01  1.14114540E+00  1.04898458E+00  8.44438645E-01  1.04149319E+00  1.11498584E+00  9.05379013E-01  9.33895371E-01  1.12774076E+00  9.97607546E-01  8.68481390E-01  1.08187306E+00
  0.00000000E+00  2.12205962E-03  1.01329149E+00  1.90235122E+00  3.88424282E-01  5.73280867E-01  1.82046743E+00  8.39831978E-01  3.97511545E-01  1.48651512E+00  1.24212358E+00  4.27144932E-01  1.09788379E+00  1.48148770E+00  6.16743198E-01  7.70408889E-01  1.50790374E+00  8.95136043E-01  5.96888889E-01  1.33564900E+00  1.17132336E+00  5.90839024E-01  1.07806374E+00  1.33635079E+00  7.30013442E-01  8.34448347E-01  1.35696997E+00  9.45732900E-01  6.86866125E-01  1.24087978E+00  1.15503111E+00  6.81870135E-01  1.03350266E+00  1.28874710E+00  7.96508184E-01  8.38771165E-01  1.29323360E+00  9.81125854E-01  7.21101572E-01  1.18765117E+00  1.16118287E+00  7.18488239E-01  1.01213312E+00  1.26787881E+00  8.26906667E-01  8.41538211E-01  1.26563881E+00  9.94310894E-01  7.41395989E-01  1.15966396E+00
  0.00000000E+00  2.04177519E-03  1.02207582E+00  1.88923497E+00  3.92680830E-01  5.86165501E-01  1.80023458E+00  8.38318949E-01  4.18578043E-01  1.47324209E+00  1.23253766E+00  4.46164479E-01  1.09706059E+00  1.46466813E+00  6.23905827E-01  7.90180958E-01  1.48450981E+00  8.94076911E-01  6.14682090E-01  1.33143983E+00  1.15553734E+00  6.00100948E-01  1.08956539E+00  1.32334695E+00  7.20292460E-01  8.61461280E-01  1.34618967E+00  9.20387110E-01  7.25051496E-01  1.23608566E+00  1.12063003E+00  7.07236437E-01  1.05360945E+00  1.24868563E+00  7.99514155E-01  8.80869210E-01  1.26252813E+00  9.54090360E-01  7.76421531E-01  1.17593603E+00  1.10953594E+00  7.65179681E-01  1.03291201E+00  1.20575932E+00  8.49478406E-01  8.83855779E-01  1.21421480E+00  9.91328499E-01  7.89689665E-01  1.13204109E+00
  0.00000000E+00  2.11034483E-03  1.01474789E+00  1.90061779E+00  3.88289996E-01  5.82190209E-01  1.80685824E+00  8.39146701E-01  4.09988250E-01  1.48077531E+00  1.23427501E+00  4.40031503E-01  1.09644138E+00  1.46883797E+00  6.24972158E-01  7.78971648E-01  1.49768310E+00  8.90932141E-01  6.07719540E-01  1.33689485E+00  1.15855717E+00  5.95921669E-01  1.08048685E+00  1.33892976E+00  7.19919455E-01  8.39659770E-01  1.36840715E+00  9.26659344E-01  6.90812771E-01  1.25723235E+00  1.14141643E+00  6.72799659E-01  1.05268148E+00  1.28665679E+00  7.79362111E-01  8.46951724E-01  1.30928872E+00  9.64554108E-01  7.13192848E-01  1.20911537E+00  1.15467842E+00  7.03712218E-01  1.02010149E+00  1.28151401E+00  8.12600255E-01  8.28884461E-01  1.29272099E+00  9.94252022E-01  7.11179055E-01  1.17960085E+00
  0.00000000E+00  2.39827351E-03  1.01587023E+00  1.89845978E+00  3.90048356E-01  5.81843793E-01  1.80279031E+00  8.44896124E-01  4.07337202E-01  1.47609177E+00  1.24290726E+00  4.36391038E-01  1.09803890E+00  1.46868239E+00  6.22797120E-01  7.84050792E-01  1.49092987E+00  8.89785085E-01  6.12357619E-01  1.33727703E+00  1.15580360E+00  5.94604198E-01  1.09720915E+00  1.32087650E+00  7.14816068E-01  8.65919478E-01  1.35410667E+00  9.08191668E-01  7.18778208E-01  1.25386185E+00  1.11328713E+00  6.91290923E-01  1.07812307E+00  1.24610520E+00  7.77698796E-01  8.98957841E-01  1.27004388E+00  9.37693961E-01  7.77733362E-01  1.19065997E+00  1.10191507E+00  7.57995738E-01  1.04037736E+00  1.20748066E+00  8.44403073E-01  8.83228383E-01  1.21945304E+00  9.90206498E-01  7.86690845E-01  1.13286822E+00
  0.00000000E+00  2.26255413E-03  1.01986033E+00  1.89123459E+00  3.95169592E-01  5.82632318E-01  1.79310490E+00  8.54572217E-01  4.05825151E-01  1.47195329E+00  1.24845003E+00  4.36524844E-01  1.08658666E+00  1.48214007E+00  6.22767034E-01  7.76060366E-01  1.49229413E+00  9.01168303E-01  6.06064498E-01  1.32515472E+00  1.17029389E+00  5.95580019E-01  1.07776389E+00  1.33557704E+00  7.27514959E-01  8.43236801E-01  1.35395451E+00  9.30640517E-01  7.08112500E-01  1.23903765E+00  1.13111293E+00  6.97940758E-01  1.05518166E+00  1.25472826E+00  7.93579127E-01  8.79305927E-01  1.26794010E+00  9.56091772E-01  7.65918708E-01  1.17999587E+00  1.12143509E+00  7.52679758E-01  1.02544696E+00  1.22479024E+00  8.43678799E-01  8.67671659E-01  1.23489421E+00  9.91850805E-01  7.68416477E-01  1.14513686E+00
  0.00000000E+00  2.20020505E-03  1.01311871E+00  1.90392410E+00  3.87875258E-01  5.77193398E-01  1.81055833E+00  8.42437016E-01  4.01552127E-01  1.48086287E+00  1.24841712E+00  4.28178289E-01  1.09050992E+00  1.48779139E+00  6.18518631E-01  7.71150103E-01  1.50162826E+00  8.99149229E-01  5.96947344E-01  1.33638834E+00  1.16897360E+00  5.88152910E-01  1.07584430E+00  1.35240542E+00  7.13926957E-01  8.34015025E-01  1.37171784E+00  9.33207113E-01  6.84958739E-01  1.25230407E+00  1.14889595E+00  6.68977630E-01  1.04846771E+00  1.29530664E+00  7.75310677E-01  8.47105498E-01  1.31083060E+00  9.58439470E-01  7.27484159E-01  1.20491353E+00  1.13385519E+00  7.27970554E-01  1.03103884E+00  1.23616817E+00  8.35043446E-01  8.64507303E-01  1.23908688E+00  9.97306173E-01  7.58950739E-01  1.14976756E+00
  0.00000000E+00  2.33784603E-03  1.01831459E+00  1.89258189E+00  3.93512943E-01  5.86755574E-01  1.79160302E+00  8.50577221E-01  4.15198806E-01  1.46151321E+00  1.24803282E+00  4.45958331E-01  1.08477740E+00  1.46473653E+00  6.44201522E-01  7.74058508E-01  1.47339305E+00  9.18161694E-01  6.09341730E-01  1.31061741E+00  1.17356593E+00  6.11711457E-01  1.06638468E+00  1.32178353E+00  7.48417189E-01  8.39027637E-01  1.33653308E+00  9.49222514E-01  7.13042590E-01  1.21926674E+00  1.14170652E+00  7.06518264E-01  1.03793247E+00  1.25637996E+00  8.11920478E-01  8.62082127E-01  1.26662446E+00  9.73853753E-01  7.56565861E-01  1.17464224E+00  1.12575133E+00  7.54593072E-01  1.02782740E+00  1.21662087E+00  8.45675445E-01  8.84025056E-01  1.21349274E+00  9.90058598E-01  7.91457983E-01  1.13097528E+00
  0.00000000E+00  2.25187671E-03  1.02440615E+00  1.89069917E+00  3.83895921E-01  5.93925406E-01  1.80651856E+00  8.21510515E-01  4.22620270E-01  1.49934337E+00  1.20264162E+00  4.42972396E-01  1.13281006E+00  1.43661651E+00  6.07488858E-01  8.30234016E-01  1.47770864E+00  8.45152255E-01  6.57303475E-01  1.36196719E+00  1.07871435E+00  6.31926694E-01  1.14206073E+00  1.24914121E+00  7.26130005E-01  9.22992561E-01  1.30785251E+00  8.81475607E-01  7.84288547E-01  1.24635097E+00  1.04409537E+00  7.48219375E-01  1.10623930E+00  1.16565875E+00  8.10222663E-01  9.51928897E-01  1.20473523E+00  9.28896684E-01  8.41794350E-01  1.16090675E+00  1.05180062E+00  8.18937861E-01  1.05550828E+00  1.13689238E+00  8.77842340E-01  9.27218071E-01  1.15907207E+00  9.87289580E-01  8.45929033E-01  1.09914629E+00
  0.00000000E+00  2.27481310E-03  1.01746859E+00  1.90258142E+00  3.80124259E-01  5.85461373E-01  1.81792043E+00  8.20375011E-01  4.10962963E-01  1.50356381E+00  1.21381903E+00  4.31402080E-01  1.12559715E+00  1.45749420E+00  6.01306694E-01  8.11668987E-01  1.49702690E+00  8.57396924E-01  6.28689181E-01  1.36100129E+00  1.11571161E+00  6.01377331E-01  1.12692859E+00  1.29843138E+00  7.03957721E-01  8.90093323E-01  1.34903515E+00  8.90105525E-01  7.31801839E-01  1.26967208E+00  1.08601942E+00  6.93104580E-01  1.10338971E+00  1.22608868E+00  7.72997336E-01  9.16365902E-01  1.25963255E+00  9.34018733E-01  7.84516284E-01  1.19264518E+00  1.09415159E+00  7.57339864E-01  1.05083974E+00  1.20146756E+00  8.36788347E-01  8.95382315E-01  1.21371986E+00  9.88458537E-01  7.88103463E-01  1.13505405E+00
  0.00000000E+00  2.46577186E-03  1.02178592E+00  1.89211323E+00  3.86552629E-01  5.96570962E-01  1.79636240E+00  8.29602382E-01  4.25747973E-01  1.48304639E+00  1.21212500E+00  4.50374239E-01  1.11890352E+00  1.43668483E+00  6.27348538E-01  8.15338581E-01  1.46445538E+00  8.79056918E-01  6.47096242E-01  1.32229791E+00  1.12808709E+00  6.29887140E-01  1.09261362E+00  1.29310358E+00  7.38591180E-01  8.73323410E-01  1.33029922E+00  9.19727689E-01  7.30262051E-01  1.24108773E+00  1.10827160E+00  7.11023985E-01  1.06252632E+00  1.23776769E+00  8.04270697E-01  8.78038820E-01  1.26353567E+00  9.63246880E-01  7.60593905E-01  1.18106856E+00  1.12438776E+00  7.50511320E-01  1.02213997E+00  1.22993995E+00  8.44518788E-01  8.61225485E-01  1.23926952E+00  9.98235779E-01  7.58472096E-01  1.14937700E+00
  0.00000000E+00  2.51523710E-03  1.01990024E+00  1.89211701E+00  3.89999174E-01  5.86305931E-01  1.80544621E+00  8.34714005E-01  4.15183258E-01  1.48728243E+00  1.21848967E+00  4.42028476E-01  1.12103794E+00  1.44393258E+00  6.13356127E-01  8.19478387E-01  1.48094098E+00  8.59022678E-01  6.48073435E-01  1.35222321E+00  1.09643163E+00  6.21083197E-01  1.13801348E+00  1.26675437E+00  7.14359216E-01  9.14835571E-01  1.32435178E+00  8.78969823E-01  7.68130089E-01  1.25491584E+00  1.05934427E+00  7.29028459E-01  1.10380506E+00  1.18681417E+00  7.98681763E-01  9.39810218E-01  1.22569149E+00  9.24563203E-01  8.31194193E-01  1.16600978E+00  1.05820359E+00  8.14407776E-01  1.04621674E+00  1.14744099E+00  8.77403333E-01  9.22117668E-01  1.15924880E+00  9.90560924E-01  8.43579935E-01  1.09931900E+00
  0.00000000E+00  2.16913040E-03  1.01897252E+00  1.89675654E+00  3.86266743E-01  5.87553092E-01  1.80761451E+00  8.28541190E-01  4.16405719E-01  1.49276095E+00  1.21814682E+00  4.33589944E-01  1.12808418E+00  1.45313832E+00  5.97474148E-01  8.24364807E-01  1.49068013E+00  8.42842494E-01  6.48197828E-01  1.36873777E+00  1.08530849E+00  6.15477479E-01  1.15113974E+00  1.25985235E+00  7.06580956E-01  9.30118329E-01  1.32185908E+00  8.62498438E-01  7.83530432E-01  1.26144979E+00  1.03773006E+00  7.40315775E-01  1.11294451E+00  1.17272469E+00  8.00637275E-01  9.49073322E-01  1.21456156E+00  9.24543862E-01  8.41062010E-01  1.16086543E+00  1.05716132E+00  8.14956451E-01  1.04776980E+00  1.14610192E+00  8.77726247E-01  9.21391838E-01  1.16415313E+00  9.87077521E-01  8.39696370E-01  1.10272833E+00
  0.00000000E+00  2.20837920E-03  1.01315571E+00  1.90330681E+00  3.88734948E-01  5.80459155E-01  1.80141032E+00  8.49374729E-01  4.03359018E-01  1.47282631E+00  1.25250125E+00  4.29700624E-01  1.08925231E+00  1.48449698E+00  6.20850262E-01  7.70277027E-01  1.50299360E+00  8.99845559E-01  5.92723907E-01  1.33995997E+00  1.17491294E+00  5.77382001E-01  1.08537326E+00  1.34860903E+00  7.09444444E-01  8.39698622E-01  1.37166883E+00  9.28683245E-01  6.84622569E-01  1.25904600E+00  1.14657027E+00  6.65067047E-01  1.05242203E+00  1.29520314E+00  7.75358584E-01  8.40835752E-01  1.31756947E+00  9.65009340E-01  7.08545815E-01  1.21116148E+00  1.15556606E+00  7.03765636E-01  1.01934521E+00  1.28092865E+00  8.11573602E-01  8.33884052E-01  1.28935605E+00  9.87673872E-01  7.24575870E-01  1.17204360E+00
  0.00000000E+00  2.13592069E-03  1.01292885E+00  1.90693554E+00  3.84546790E-01  5.79698705E-01  1.81016973E+00  8.37130601E-01  4.04975427E-01  1.48713009E+00  1.23591208E+00  4.30650386E-01  1.10495280E+00  1.47393457E+00  6.12968198E-01  7.82105014E-01  1.50258685E+00  8.87874888E-01  6.04209015E-01  1.34422438E+00  1.15614295E+00  5.90987485E-01  1.09361470E+00  1.32915100E+00  7.14312374E-01  8.53316613E-01  1.36793079E+00  9.07410447E-01  7.10878215E-01  1.26487545E+00  1.10341980E+00  7.00155545E-01  1.07328165E+00  1.23472733E+00  7.99395214E-01  8.85235683E-01  1.26359832E+00  9.54904663E-01  7.68064042E-01  1.18309976E+00  1.11526372E+00  7.53953995E-01  1.03221141E+00  1.21818361E+00  8.43546132E-01  8.74868521E-01  1.22669876E+00  9.92016348E-01  7.77389168E-01  1.13962980E+00
  0.00000000E+00  2.31150644E-03  1.01688092E+00  1.89812419E+00  3.87892859E-01  5.87116438E-01  1.80607099E+00  8.30993182E-01  4.14569074E-01  1.48894132E+00  1.22209893E+00  4.40794177E-01  1.11427576E+00  1.45407474E+00  6.13314237E-01  8.11726552E-01  1.48235925E+00  8.65805819E-01  6.41877146E-01  1.34349800E+00  1.11074426E+00  6.24420155E-01  1.11573479E+00  1.27872154E+00  7.29402483E-01  8.97831382E-01  1.31191299E+00  9.09683904E-01  7.58559057E-01  1.22645543E+00  1.09145887E+00  7.37578103E-01  1.06006248E+00  1.21511332E+00  8.18954721E-01  8.96726804E-01  1.23445567E+00  9.58227214E-01  7.99581386E-01  1.15661809E+00  1.09918857E+00  7.90059970E-01  1.02529172E+00  1.18595357E+00  8.69753086E-01  8.92484547E-01  1.19040287E+00  9.98652529E-01  8.06693469E-01  1.11988525E+00
  0.00000000E+00  2.02454253E-03  1.01959730E+00  1.89594119E+00  3.86977121E-01  5.89305637E-01  1.80116426E+00  8.32656901E-01  4.22237561E-01  1.48205889E+00  1.21923758E+00  4.47985828E-01  1.11239635E+00  1.44615616E+00  6.20467734E-01  8.15349450E-01  1.47065915E+00  8.69263724E-01  6.50695876E-01  1.33576274E+00  1.10748720E+00  6.35450342E-01  1.11813749E+00  1.25904271E+00  7.45377320E-01  9.01274440E-01  1.29579666E+00  9.15854560E-01  7.71830320E-01  1.21081167E+00  1.08794608E+00  7.53588481E-01  1.05642815E+00  1.20017046E+00  8.31382894E-01  9.04975479E-01  1.21903213E+00  9.61703502E-01  8.06039061E-01  1.15295115E+00  1.09625964E+00  7.94207013E-01  1.02725884E+00  1.18413745E+00  8.66476332E-01  8.96094152E-01  1.18892410E+00  9.96971504E-01  8.08871605E-01  1.11891460E+00
  0.00000000E+00  2.17186580E-03  1.01577006E+00  1.90038672E+00  3.86555054E-01  5.82388987E-01  1.81151135E+00  8.33118392E-01  4.07639570E-01  1.49383908E+00  1.22717568E+00  4.31626011E-01  1.11428008E+00  1.46546661E+00  6.04613171E-01  8.03146077E-01  1.49377477E+00  8.70564820E-01  6.27793909E-01  1.34411309E+00  1.12796351E+00  6.11691845E-01  1.10651102E+00  1.29537092E+00  7.31485623E-01  8.78002529E-01  1.32650906E+00  9.16296296E-01  7.40570924E-01  1.23627755E+00  1.09856604E+00  7.20396312E-01  1.07104201E+00  1.21786367E+00  8.09988664E-01  8.99848495E-01  1.24185425E+00  9.53762998E-01  7.91693589E-01  1.16633096E+00  1.10220631E+00  7.83920825E-01  1.02497003E+00  1.19469470E+00  8.60217993E-01  8.87753581E-01  1.20481547E+00  9.90106817E-01  8.04032001E-01  1.12265407E+00
  0.00000000E+00  2.25069944E-03  1.01984829E+00  1.89497868E+00  3.87524980E-01  5.84857780E-01  1.80776595E+00  8.33901046E-01  4.10070943E-01  1.49342276E+00  1.22147882E+00  4.35867473E-01  1.11817712E+00  1.45594241E+00  6.10448475E-01  8.07644884E-01  1.48903960E+00  8.65267286E-01  6.33706202E-01  1.35186484E+00  1.11495570E+00  6.12891687E-01  1.12347256E+00  1.27965195E+00  7.23591960E-01  8.95216327E-01  1.32795364E+00  8.95520084E-01  7.56230349E-01  1.24543765E+00  1.07700107E+00  7.27096323E-01  1.08923112E+00  1.20121253E+00  7.98498035E-01  9.24354183E-01  1.23751932E+00  9.28660238E-01  8.17452705E-01  1.17930822E+00  1.05954203E+00  8.02640388E-01  1.05869671E+00  1.14060452E+00  8.72938816E-01  9.31273148E-01  1.15470240E+00  9.88198108E-01  8.51239009E-01  1.09418432E+00
  0.00000000E+00  2.25069944E-03  1.01984829E+00  1.89497868E+00  3.87524980E-01  5.84857780E-01  1.80776595E+00  8.33901046E-01  4.10070943E-01  1.49342276E+00  1.22147882E+00  4.35867473E-01  1.11817712E+00  1.45594241E+00  6.10448475E-01  8.07644884E-01  1.48903960E+00  8.65267286E-01  6.33706202E-01  1.35186484E+00  1.11495570E+00  6.12891687E-01  1.12347256E+00  1.27965195E+00  7.23591960E-01  8.95216327E-01  1.32795364E+00  8.95520084E-01  7.56230349E-01  1.24543765E+00  1.07700107E+00  7.27096323E-01  1.08923112E+00  1.20121253E+00  7.98498035E-01  9.24354183E-01  1.23751932E+00  9.28660238E-01  8.17452705E-01  1.17930822E+00  1.05954203E+00  8.02640388E-01  1.05869671E+00  1.14060452E+00  8.72938816E-01  9.31273148E-01  1.15470240E+00  9.88198108E-01  8.51239009E-01  1.09418432E+00
  0.00000000E+00  2.26927585E-03  1.02096689E+00  1.89526474E+00  3.86123087E-01  5.87524843E-01  1.80346107E+00  8.34310758E-01  4.18040225E-01  1.48444648E+00  1.21799810E+00  4.47581240E-01  1.11458238E+00  1.44247363E+00  6.26524487E-01  8.08989281E-01  1.46994836E+00  8.76473186E-01  6.49136557E-01  1.32666174E+00  1.11800846E+00  6.36543342E-01  1.10092035E+00  1.27728890E+00  7.41852248E-01  8.94266422E-01  1.30258540E+00  9.18905366E-01  7.67783893E-01  1.21100783E+00  1.09021013E+00  7.51566019E-01  1.06324109E+00  1.18691909E+00  8.36897688E-01  9.18225891E-01  1.19695290E+00  9.65838557E-01  8.24510184E-01  1.13568415E+00  1.09075727E+00  8.14144456E-01  1.02052184E+00  1.16688682E+00  8.82807420E-01  9.07893119E-01  1.16486368E+00  9.96555573E-01  8.31636345E-01  1.10528258E+00
  0.00000000E+00  2.58217127E-03  1.02732387E+00  1.88570046E+00  3.82499297E-01  6.07978099E-01  1.79556217E+00  8.15003226E-01  4.39550891E-01  1.49038195E+00  1.19227995E+00  4.55122161E-01  1.14351050E+00  1.41589780E+00  6.10463501E-01  8.49289034E-01  1.46058756E+00  8.41356426E-01  6.80294444E-01  1.34035151E+00  1.08183878E+00  6.39741121E-01  1.13886126E+00  1.25039237E+00  7.16810580E-01  9.36254446E-01  1.30273882E+00  8.75670686E-01  7.94043637E-01  1.23502341E+00  1.05168478E+00  7.47639819E-01  1.09875722E+00  1.17879807E+00  8.01899327E-01  9.48119365E-01  1.21528808E+00  9.20280549E-01  8.49076803E-01  1.15275404E+00  1.05526872E+00  8.25878616E-01  1.03784097E+00  1.15201032E+00  8.76784444E-01  9.18580054E-01  1.16434586E+00  9.86113675E-01  8.44891569E-01  1.10021091E+00
  0.00000000E+00  2.34586083E-03  1.01582029E+00  1.89907653E+00  3.88215240E-01  5.83817342E-01  1.80487463E+00  8.37087947E-01  4.14034619E-01  1.48135857E+00  1.22825360E+00  4.41456572E-01  1.10582138E+00  1.45607320E+00  6.26469209E-01  7.90571283E-01  1.48365316E+00  8.94138984E-01  6.13258968E-01  1.33155694E+00  1.15651430E+00  6.02054037E-01  1.08122711E+00  1.33139748E+00  7.32876234E-01  8.31944944E-01  1.36285769E+00  9.42685867E-01  6.76848670E-01  1.25703540E+00  1.15584029E+00  6.56051019E-01  1.05861761E+00  1.29515664E+00  7.69523991E-01  8.48139239E-01  1.31887634E+00  9.51646030E-01  7.22442772E-01  1.20798542E+00  1.14476718E+00  7.13136421E-01  1.02840033E+00  1.26226168E+00  8.17559956E-01  8.49308351E-01  1.26689958E+00  9.91478390E-01  7.40383462E-01  1.16153257E+00
  0.00000000E+00  2.14130013E-03  1.01096420E+00  1.90623429E+00  3.92153842E-01  5.67122339E-01  1.80622861E+00  8.62657290E-01  3.93258682E-01  1.46470572E+00  1.27027651E+00  4.24448625E-01  1.07503538E+00  1.49970796E+00  6.22579056E-01  7.57743140E-01  1.50677655E+00  9.07504852E-01  5.89931022E-01  1.33555974E+00  1.17188450E+00  5.90680223E-01  1.07281913E+00  1.34539550E+00  7.23767506E-01  8.34319926E-01  1.37042551E+00  9.27590254E-01  6.92043656E-01  1.26235480E+00  1.12529696E+00  6.77958136E-01  1.08019887E+00  1.24612440E+00  7.79041476E-01  9.02431843E-01  1.26259040E+00  9.41331482E-01  7.77916331E-01  1.19391561E+00  1.08933590E+00  7.65140792E-01  1.05351907E+00  1.18747499E+00  8.50180059E-01  8.92725074E-01  1.20674490E+00  9.94307086E-01  7.87469318E-01  1.13332049E+00
  0.00000000E+00  2.11826043E-03  1.01706628E+00  1.89439231E+00  3.92223159E-01  5.86995723E-01  1.79604695E+00  8.46139365E-01  4.11708969E-01  1.46686897E+00  1.24677032E+00  4.44518123E-01  1.08347257E+00  1.47391090E+00  6.32439824E-01  7.74127252E-01  1.48809372E+00  9.04839062E-01  6.09226374E-01  1.32232119E+00  1.16429116E+00  6.06302332E-01  1.07394680E+00  1.32668665E+00  7.34252755E-01  8.46578003E-01  1.34539946E+00  9.35687303E-01  7.10976866E-01  1.23621585E+00  1.12896631E+00  7.05231495E-01  1.04611408E+00  1.25172770E+00  8.14942087E-01  8.60277856E-01  1.26371890E+00  9.81849146E-01  7.43319597E-01  1.17998033E+00  1.13873560E+00  7.41835409E-01  1.01652181E+00  1.23778870E+00  8.46913615E-01  8.53378914E-01  1.24023103E+00  1.00331335E+00  7.52522868E-01  1.15234804E+00
  0.00000000E+00  2.33526541E-03  1.01713003E+00  1.89612958E+00  3.91441089E-01  5.79517660E-01  1.80744289E+00  8.42040540E-01  4.06752763E-01  1.48331435E+00  1.23401142E+00  4.33688733E-01  1.10814589E+00  1.46314453E+00  6.16833096E-01  7.95467087E-01  1.48922649E+00  8.84999661E-01  6.16845129E-01  1.33906159E+00  1.14424225E+00  6.03388245E-01  1.09882669E+00  1.31262609E+00  7.19151752E-01  8.68034710E-01  1.34612094E+00  9.19515118E-01  7.13519931E-01  1.25162718E+00  1.12034710E+00  6.86660904E-01  1.07289302E+00  1.25472697E+00  7.78512643E-01  8.86536506E-01  1.28272185E+00  9.36377364E-01  7.65910447E-01  1.19886940E+00  1.10632483E+00  7.52348993E-01  1.03829554E+00  1.21563928E+00  8.37811504E-01  8.84215138E-01  1.22236645E+00  9.85760118E-01  7.87554742E-01  1.13487984E+00
  0.00000000E+00  2.16920385E-03  1.01279178E+00  1.90335556E+00  3.88669816E-01  5.75124934E-01  1.81138408E+00  8.46049519E-01  3.98237445E-01  1.48225547E+00  1.24550814E+00  4.30653193E-01  1.08880752E+00  1.48799965E+00  6.18980752E-01  7.70075766E-01  1.50891234E+00  8.88671391E-01  5.98643395E-01  1.34789501E+00  1.15584497E+00  5.85491164E-01  1.10299160E+00  1.32199370E+00  7.10272966E-01  8.67039545E-01  1.35859563E+00  9.05964829E-01  7.10314786E-01  1.26797060E+00  1.10986527E+00  6.79525459E-01  1.08575468E+00  1.25587699E+00  7.65002275E-01  8.87898338E-01  1.30348889E+00  9.22285564E-01  7.54017148E-01  1.22386229E+00  1.09559143E+00  7.35781627E-01  1.06256325E+00  1.21239755E+00  8.29960455E-01  8.79772004E-01  1.23295888E+00  9.88860717E-01  7.70107962E-01  1.14509781E+00
  0.00000000E+00  2.13391264E-03  1.02656352E+00  1.88357053E+00  3.90774122E-01  5.94695420E-01  1.79648528E+00  8.30342818E-01  4.32341087E-01  1.47412865E+00  1.21190537E+00  4.60593087E-01  1.11755100E+00  1.42727565E+00  6.31276427E-01  8.28284145E-01  1.45251541E+00  8.68601883E-01  6.74931913E-01  1.31266925E+00  1.10037426E+00  6.62723114E-01  1.10660079E+00  1.23449425E+00  7.69985341E-01  9.19808898E-01  1.25046910E+00  9.29870008E-01  8.12948833E-01  1.16915258E+00  1.07525707E+00  7.97893817E-01  1.04802822E+00  1.15485491E+00  8.69841749E-01  9.29535845E-01  1.15736961E+00  9.78741412E-01  8.61371095E-01  1.09946272E+00  1.07452198E+00  8.61923383E-01  1.00713241E+00  1.12720341E+00  9.16885674E-01  9.27147601E-01  1.12167223E+00  9.99750967E-01  8.77677105E-01  1.07399548E+00
  0.00000000E+00  2.39724092E-03  1.02118940E+00  1.89603224E+00  3.79824815E-01  5.92905842E-01  1.81014444E+00  8.23442367E-01  4.17886645E-01  1.48742741E+00  1.22472949E+00  4.37441868E-01  1.11344885E+00  1.46268578E+00  6.05119754E-01  8.07180420E-01  1.49318690E+00  8.65339649E-01  6.26378958E-01  1.35300972E+00  1.12536441E+00  6.01199202E-01  1.12081459E+00  1.30393219E+00  7.01073382E-01  8.89082357E-01  1.35103881E+00  8.89020527E-01  7.35012050E-01  1.26533217E+00  1.08517759E+00  7.05183080E-01  1.09160991E+00  1.22135079E+00  7.87931522E-01  9.08194631E-01  1.25597075E+00  9.41900607E-01  7.83219646E-01  1.18279814E+00  1.10099011E+00  7.65989529E-01  1.03825197E+00  1.20160941E+00  8.47928031E-01  8.85917061E-01  1.21567589E+00  9.88143439E-01  7.93766143E-01  1.13008360E+00
  0.00000000E+00  2.74003141E-03  1.02313523E+00  1.89195555E+00  3.83105673E-01  6.01260408E-01  1.80251575E+00  8.13795072E-01  4.32328452E-01  1.50001604E+00  1.18991961E+00  4.48759690E-01  1.14510665E+00  1.42717840E+00  5.94748442E-01  8.52096063E-01  1.47807418E+00  8.22827853E-01  6.75407103E-01  1.36861766E+00  1.05609971E+00  6.31839185E-01  1.17413386E+00  1.22797825E+00  7.00721488E-01  9.73718397E-01  1.29183902E+00  8.39920454E-01  8.29735522E-01  1.25565520E+00  9.91109760E-01  7.75332962E-01  1.14613974E+00  1.10502609E+00  8.13635642E-01  1.01561720E+00  1.15991522E+00  8.86939927E-01  9.25211194E-01  1.14283376E+00  9.78339498E-01  8.91570485E-01  1.07715982E+00  1.04687237E+00  9.15472632E-01  9.98112682E-01  1.06580450E+00  9.79064194E-01  9.45639830E-01  1.03830690E+00
  0.00000000E+00  2.33431842E-03  1.01786185E+00  1.89749686E+00  3.85757838E-01  5.89540236E-01  1.80628520E+00  8.29754068E-01  4.17849451E-01  1.48710367E+00  1.21807823E+00  4.46831754E-01  1.10707972E+00  1.45457200E+00  6.20483712E-01  8.03966847E-01  1.48028245E+00  8.74971297E-01  6.37912633E-01  1.33561126E+00  1.12270559E+00  6.22089575E-01  1.10878427E+00  1.28971534E+00  7.22956622E-01  8.89052108E-01  1.33441744E+00  8.91811203E-01  7.55914943E-01  1.25216295E+00  1.06525612E+00  7.36627093E-01  1.09176619E+00  1.18700652E+00  8.13387683E-01  9.24615986E-01  1.21973403E+00  9.46983254E-01  8.20215870E-01  1.15388685E+00  1.08193298E+00  8.03741126E-01  1.03483882E+00  1.16414875E+00  8.74618024E-01  9.08817725E-01  1.17259927E+00  9.96497503E-01  8.22281158E-01  1.11099494E+00
  0.00000000E+00  2.32783007E-03  1.02204032E+00  1.89232509E+00  3.86387732E-01  5.96077080E-01  1.79536851E+00  8.29570882E-01  4.26753587E-01  1.48632893E+00  1.20636442E+00  4.55598244E-01  1.12378765E+00  1.42832313E+00  6.25910268E-01  8.26541000E-01  1.45942481E+00  8.63919663E-01  6.64014984E-01  1.33737438E+00  1.08795385E+00  6.47198649E-01  1.12741347E+00  1.24590461E+00  7.37995337E-01  9.20575528E-01  1.29557390E+00  8.91755216E-01  7.89939481E-01  1.23348369E+00  1.04198923E+00  7.67302200E-01  1.09991205E+00  1.14875156E+00  8.27747090E-01  9.59634659E-01  1.17968592E+00  9.32749747E-01  8.70022973E-01  1.14022596E+00  1.03296165E+00  8.58264157E-01  1.04979616E+00  1.09102453E+00  9.15779458E-01  9.53064342E-01  1.10163932E+00  9.99880505E-01  8.86810849E-01  1.06985873E+00
  0.00000000E+00  2.13379160E-03  1.01550114E+00  1.89854000E+00  3.89849990E-01  5.77937633E-01  1.81088771E+00  8.39737393E-01  4.02584895E-01  1.48525912E+00  1.24131626E+00  4.28146358E-01  1.10725847E+00  1.47473086E+00  6.05697868E-01  7.93522188E-01  1.50278843E+00  8.70649267E-01  6.12531908E-01  1.36097381E+00  1.13094052E+00  5.93898287E-01  1.11957575E+00  1.30627338E+00  7.05679251E-01  8.82441151E-01  1.35763779E+00  8.86794837E-01  7.26651272E-01  1.27945420E+00  1.07941339E+00  6.93744876E-01  1.10573743E+00  1.22555412E+00  7.70094159E-01  9.15909278E-01  1.26788017E+00  9.25665109E-01  7.84041852E-01  1.19574692E+00  1.09386553E+00  7.59413386E-01  1.04494639E+00  1.20213469E+00  8.44779192E-01  8.87622935E-01  1.21923796E+00  9.85825860E-01  7.88242665E-01  1.13408392E+00
  0.00000000E+00  2.41225636E-03  1.02530027E+00  1.88663253E+00  3.88183072E-01  5.99154096E-01  1.79390714E+00  8.26306106E-01  4.33477120E-01  1.48528362E+00  1.19739250E+00  4.61142727E-01  1.12940232E+00  1.42032188E+00  6.22897096E-01  8.37006542E-01  1.45326993E+00  8.61114475E-01  6.76250778E-01  1.32799876E+00  1.08631149E+00  6.57501472E-01  1.12603215E+00  1.23029396E+00  7.47444125E-01  9.40718934E-01  1.26895700E+00  8.89135765E-01  8.21372786E-01  1.21248995E+00  1.02472210E+00  8.00987168E-01  1.09410104E+00  1.11774566E+00  8.47267881E-01  9.83820191E-01  1.14445773E+00  9.28954476E-01  9.07607083E-01  1.11932799E+00  1.00796848E+00  8.92612717E-01  1.05064040E+00  1.06334342E+00  9.27734053E-01  9.73844744E-01  1.07857373E+00  9.90110993E-01  9.21804988E-01  1.04999765E+00
  0.00000000E+00  2.56552042E-03  1.01282875E+00  1.90600714E+00  3.84893151E-01  5.87848050E-01  1.79771816E+00  8.38888313E-01  4.19075514E-01  1.48081764E+00  1.22020362E+00  4.53578423E-01  1.10789355E+00  1.43657134E+00  6.38008755E-01  8.09140603E-01  1.45500202E+00  8.90517539E-01  6.45814757E-01  1.31342521E+00  1.14051495E+00  6.29181211E-01  1.08095473E+00  1.30352111E+00  7.40418467E-01  8.67990899E-01  1.32906803E+00  9.16903980E-01  7.39939232E-01  1.24645959E+00  1.08382841E+00  7.18731064E-01  1.08911987E+00  1.20554231E+00  8.06105063E-01  9.09278843E-01  1.24472294E+00  9.40512643E-01  7.97371983E-01  1.17826882E+00  1.08034877E+00  7.85580900E-01  1.04849721E+00  1.16972553E+00  8.69715742E-01  8.99159323E-01  1.18533754E+00  9.98655607E-01  8.07250158E-01  1.11983037E+00
