# PIMCID: b561ebee-926e-4877-8859-9a9056ff72c9
#    Number Bins
            5837
            5837
            6357
            5563
            6379
            4899
            6479
            3924
            6031
            6335
            6578
            3157
            3106
            6514
            5125
            6527
            6525
            6204
            6722
            6611
            4949
            6557
            6465
            6606
            6727
            6404
            6662
            6579
            6633
            5143
            5097
            6672
            6672
            6541
            6717
            6111
            3721
            3559
            6556
            6350
            6291
            6685
            6579
            6542
            6481
            6207
            6607
            3858
