#                   T = 0.50                                        T = 1.00                                        T = 1.50                                        T = 2.00                    
#          r [Å]          V1d(r)         ΔV1d(r)           r [Å]          V1d(r)         ΔV1d(r)           r [Å]          V1d(r)         ΔV1d(r)           r [Å]          V1d(r)         ΔV1d(r)
  0.00000000E+00 -8.16201220E+01  3.09451529E-01  0.00000000E+00 -7.10764931E+01  3.82645004E-01  0.00000000E+00 -6.31833594E+01  8.03830449E-01  0.00000000E+00 -6.04639707E+01  7.09637236E-01
  5.00000000E-01 -8.66099876E+01  5.95873644E-02  5.00000000E-01 -8.19149120E+01  3.25527888E-01  5.00000000E-01 -7.60049459E+01  8.19165137E-01  5.00000000E-01 -7.32087603E+01  8.51115591E-01
  1.00000000E+00 -8.72275758E+01  1.22166035E-02  1.00000000E+00 -8.66827113E+01  7.09017582E-02  1.00000000E+00 -8.49432733E+01  3.43630009E-01  1.00000000E+00 -8.34773816E+01  4.45652533E-01
  1.50000000E+00 -8.72566046E+01  9.79553579E-03  1.50000000E+00 -8.71944213E+01  1.67723025E-02  1.50000000E+00 -8.67452741E+01  9.31489947E-02  1.50000000E+00 -8.54884904E+01  1.90824810E-01
  2.00000000E+00 -8.71084140E+01  2.18308183E-02  2.00000000E+00 -8.56752448E+01  1.45822438E-01  2.00000000E+00 -8.34619802E+01  4.80349326E-01  2.00000000E+00 -8.03458260E+01  5.71340752E-01
  2.50000000E+00 -8.49568472E+01  2.33920440E-01  2.50000000E+00 -7.77863947E+01  3.67912769E-01  2.50000000E+00 -7.19928824E+01  9.09816786E-01  2.50000000E+00 -6.78380533E+01  8.58165336E-01
  3.00000000E+00 -7.94657162E+01  3.28534292E-01  3.00000000E+00 -6.81105246E+01  3.46997341E-01  3.00000000E+00 -6.14349946E+01  6.95481656E-01  3.00000000E+00 -5.85305423E+01  7.12609054E-01
  3.50000000E+00 -8.43765355E+01  2.06171749E-01  3.50000000E+00 -7.57254124E+01  4.25967894E-01  3.50000000E+00 -6.76900046E+01  8.94252219E-01  3.50000000E+00 -6.47415009E+01  8.40349822E-01
  4.00000000E+00 -8.70643439E+01  3.40041023E-02  4.00000000E+00 -8.49174062E+01  1.92564656E-01  4.00000000E+00 -8.08876203E+01  6.14422672E-01  4.00000000E+00 -7.84823891E+01  6.82302315E-01
  4.50000000E+00 -8.72688833E+01  1.17960714E-02  4.50000000E+00 -8.71339491E+01  2.12794440E-02  4.50000000E+00 -8.63836973E+01  1.61298122E-01  4.50000000E+00 -8.52734977E+01  2.59393323E-01
  5.00000000E+00 -8.72482696E+01  1.27301130E-02  5.00000000E+00 -8.69492636E+01  4.47078569E-02  5.00000000E+00 -8.61852826E+01  1.84511999E-01  5.00000000E+00 -8.44190661E+01  3.17952344E-01
  5.50000000E+00 -8.68308258E+01  5.49043519E-02  5.50000000E+00 -8.34831964E+01  2.61245454E-01  5.50000000E+00 -7.98734225E+01  6.95358456E-01  5.50000000E+00 -7.61382889E+01  7.02078061E-01
  6.00000000E+00 -8.22949963E+01  3.01465938E-01  6.00000000E+00 -7.25035651E+01  3.74673431E-01  6.00000000E+00 -6.61936210E+01  8.86978663E-01  6.00000000E+00 -6.23463113E+01  8.64175069E-01
  6.50000000E+00 -8.06279121E+01  3.34306891E-01  6.50000000E+00 -6.93595307E+01  3.82558508E-01  6.50000000E+00 -6.17697479E+01  6.94074349E-01  6.50000000E+00 -5.89114460E+01  6.56508598E-01
  7.00000000E+00 -8.62592071E+01  1.08222650E-01  7.00000000E+00 -8.04713865E+01  3.57606472E-01  7.00000000E+00 -7.38900351E+01  8.45656238E-01  7.00000000E+00 -7.03881056E+01  8.62182170E-01
  7.50000000E+00 -8.71835347E+01  1.66599640E-02  7.50000000E+00 -8.64450162E+01  8.58607027E-02  7.50000000E+00 -8.42465730E+01  3.83779970E-01  7.50000000E+00 -8.24609986E+01  4.91388859E-01
  8.00000000E+00 -8.72718033E+01  1.06536680E-02  8.00000000E+00 -8.72102988E+01  1.44085298E-02  8.00000000E+00 -8.68268006E+01  8.33799337E-02  8.00000000E+00 -8.58360555E+01  1.65930174E-01
  8.50000000E+00 -8.71844924E+01  1.40432990E-02  8.50000000E+00 -8.63024740E+01  1.01515130E-01  8.50000000E+00 -8.45942629E+01  3.69639001E-01  8.50000000E+00 -8.21605849E+01  4.49860650E-01
  9.00000000E+00 -8.59316557E+01  1.48473496E-01  9.00000000E+00 -7.96557252E+01  3.46097754E-01  9.00000000E+00 -7.44789835E+01  8.36992441E-01  9.00000000E+00 -7.02210774E+01  7.98700123E-01
  9.50000000E+00 -7.99564643E+01  2.92395025E-01  9.50000000E+00 -6.84416287E+01  3.51873963E-01  9.50000000E+00 -6.17354099E+01  7.72536783E-01  9.50000000E+00 -5.84796387E+01  6.75249828E-01
  1.00000000E+01 -8.35062148E+01  2.47320851E-01  1.00000000E+01 -7.36033568E+01  4.16579876E-01  1.00000000E+01 -6.60212868E+01  8.12211744E-01  1.00000000E+01 -6.19093650E+01  7.98068656E-01
  1.05000000E+01 -8.69661970E+01  4.66426340E-02  1.05000000E+01 -8.41481245E+01  2.18366737E-01  1.05000000E+01 -7.93306288E+01  6.46320254E-01  1.05000000E+01 -7.61539028E+01  7.64538708E-01
  1.10000000E+01 -8.72297817E+01  1.29984001E-02  1.10000000E+01 -8.70582422E+01  3.07922840E-02  1.10000000E+01 -8.61612981E+01  2.06501731E-01  1.10000000E+01 -8.50908022E+01  2.59928905E-01
  1.15000000E+01 -8.72335773E+01  1.15249878E-02  1.15000000E+01 -8.71473325E+01  2.06699907E-02  1.15000000E+01 -8.66125456E+01  1.29574013E-01  1.15000000E+01 -8.53287060E+01  2.35257795E-01
  1.20000000E+01 -8.70350772E+01  3.17224118E-02  1.20000000E+01 -8.48470477E+01  1.93830546E-01  1.20000000E+01 -8.17480413E+01  5.89543447E-01  1.20000000E+01 -7.81692970E+01  6.05995637E-01
  1.25000000E+01 -8.38969041E+01  2.15822994E-01  1.25000000E+01 -7.43392994E+01  3.63906455E-01  1.25000000E+01 -6.82981843E+01  8.67752145E-01  1.25000000E+01 -6.40917258E+01  8.50735080E-01
  1.30000000E+01 -7.97088540E+01  3.54167234E-01  1.30000000E+01 -6.77839531E+01  3.49705115E-01  1.30000000E+01 -6.08136346E+01  6.81248427E-01  1.30000000E+01 -5.72066605E+01  5.78302823E-01
  1.35000000E+01 -8.57999039E+01  1.32992738E-01  1.35000000E+01 -7.85854638E+01  3.69127675E-01  1.35000000E+01 -7.14448818E+01  8.54591062E-01  1.35000000E+01 -6.75390096E+01  8.92058039E-01
  1.40000000E+01 -8.71834137E+01  1.71863022E-02  1.40000000E+01 -8.61176563E+01  1.04000933E-01  1.40000000E+01 -8.34052762E+01  4.36970422E-01  1.40000000E+01 -8.14128127E+01  5.20769006E-01
  1.45000000E+01 -8.72749156E+01  1.22910969E-02  1.45000000E+01 -8.72213399E+01  1.19827666E-02  1.45000000E+01 -8.69059815E+01  8.00677622E-02  1.45000000E+01 -8.61166093E+01  1.35595843E-01
  1.50000000E+01 -8.72157682E+01  1.26878524E-02  1.50000000E+01 -8.67946398E+01  5.58022257E-02  1.50000000E+01 -8.55130433E+01  2.91464033E-01  1.50000000E+01 -8.37026358E+01  3.72173932E-01
  1.55000000E+01 -8.65085472E+01  6.75599943E-02  1.55000000E+01 -8.17466546E+01  3.01530865E-01  1.55000000E+01 -7.72557914E+01  7.57456748E-01  1.55000000E+01 -7.29302272E+01  7.60308256E-01
  1.60000000E+01 -8.07557151E+01  3.18687091E-01  1.60000000E+01 -6.90199143E+01  3.53322852E-01  1.60000000E+01 -6.23676924E+01  8.56442824E-01  1.60000000E+01 -5.87424799E+01  6.85208067E-01
  1.65000000E+01 -8.20113894E+01  2.99151652E-01  1.65000000E+01 -7.09959083E+01  4.10784166E-01  1.65000000E+01 -6.29138459E+01  6.62115191E-01  1.65000000E+01 -5.93481875E+01  7.80323022E-01
  1.70000000E+01 -8.68481774E+01  4.94055569E-02  1.70000000E+01 -8.30307228E+01  2.48987481E-01  1.70000000E+01 -7.77294631E+01  7.24744248E-01  1.70000000E+01 -7.42806719E+01  7.75344949E-01
  1.75000000E+01 -8.72462339E+01  1.32004216E-02  1.75000000E+01 -8.69910910E+01  3.15465359E-02  1.75000000E+01 -8.58640831E+01  2.04681022E-01  1.75000000E+01 -8.47723939E+01  2.81934338E-01
  1.80000000E+01 -8.72674067E+01  1.11556159E-02  1.80000000E+01 -8.72326993E+01  1.28536059E-02  1.80000000E+01 -8.69240593E+01  7.64592632E-02  1.80000000E+01 -8.60523566E+01  1.53873865E-01
  1.85000000E+01 -8.71468486E+01  1.73134328E-02  1.85000000E+01 -8.58387803E+01  1.36114400E-01  1.85000000E+01 -8.35738501E+01  4.43000724E-01  1.85000000E+01 -8.07276438E+01  4.84965636E-01
  1.90000000E+01 -8.49683558E+01  1.56392996E-01  1.90000000E+01 -7.66767722E+01  3.84431050E-01  1.90000000E+01 -7.10896922E+01  7.98006622E-01  1.90000000E+01 -6.65325905E+01  8.30494355E-01
  1.95000000E+01 -7.88177220E+01  3.56739437E-01  1.95000000E+01 -6.64123384E+01  3.44221694E-01  1.95000000E+01 -5.89670561E+01  7.34901240E-01  1.95000000E+01 -5.56732159E+01  5.16919986E-01
  2.00000000E+01 -8.48873506E+01  1.66057693E-01  2.00000000E+01 -7.63582650E+01  3.92653979E-01  2.00000000E+01 -6.84546633E+01  8.21436122E-01  2.00000000E+01 -6.46071456E+01  8.63918786E-01
  2.05000000E+01 -8.71506601E+01  1.95095645E-02  2.05000000E+01 -8.57821697E+01  1.13974423E-01  2.05000000E+01 -8.26092405E+01  4.78579737E-01  2.05000000E+01 -8.03589508E+01  5.66108807E-01
  2.10000000E+01 -8.72736367E+01  1.12101604E-02  2.10000000E+01 -8.72244625E+01  1.15263086E-02  2.10000000E+01 -8.69233737E+01  8.33445130E-02  2.10000000E+01 -8.63379369E+01  1.21780794E-01
  2.15000000E+01 -8.72641523E+01  1.28761391E-02  2.15000000E+01 -8.70579361E+01  2.94518365E-02  2.15000000E+01 -8.64941174E+01  1.43463952E-01  2.15000000E+01 -8.50038692E+01  2.55369109E-01
  2.20000000E+01 -8.68025020E+01  4.14055031E-02  2.20000000E+01 -8.36534059E+01  2.33889604E-01  2.20000000E+01 -8.02256187E+01  5.42507534E-01  2.20000000E+01 -7.63058146E+01  6.55679197E-01
  2.25000000E+01 -8.17768113E+01  2.48291074E-01  2.25000000E+01 -7.05893495E+01  3.84830464E-01  2.25000000E+01 -6.43254795E+01  8.51759185E-01  2.25000000E+01 -6.01557462E+01  7.08023029E-01
  2.30000000E+01 -7.99634022E+01  2.96394849E-01  2.30000000E+01 -6.83742774E+01  3.80028099E-01  2.30000000E+01 -5.98615352E+01  7.07465815E-01  2.30000000E+01 -5.60045708E+01  6.22546931E-01
  2.35000000E+01 -8.65107340E+01  8.29183285E-02  2.35000000E+01 -8.18404450E+01  2.53145098E-01  2.35000000E+01 -7.58997999E+01  7.41481360E-01  2.35000000E+01 -7.18507219E+01  7.88466655E-01
  2.40000000E+01 -8.72245196E+01  1.39980555E-02  2.40000000E+01 -8.69208690E+01  3.40416145E-02  2.40000000E+01 -8.56704253E+01  2.35162882E-01  2.40000000E+01 -8.44537649E+01  3.07763977E-01
  2.45000000E+01 -8.72684627E+01  1.02094403E-02  2.45000000E+01 -8.72498276E+01  9.51287136E-03  2.45000000E+01 -8.71065873E+01  4.60147475E-02  2.45000000E+01 -8.65545818E+01  9.15074583E-02
  2.50000000E+01 -8.71944248E+01  1.48432783E-02  2.50000000E+01 -8.65694872E+01  7.68714080E-02  2.50000000E+01 -8.53019688E+01  2.76176788E-01  2.50000000E+01 -8.29574900E+01  3.80374189E-01
  2.55000000E+01 -8.58815896E+01  1.12014638E-01  2.55000000E+01 -7.94710256E+01  3.28297494E-01  2.55000000E+01 -7.46701391E+01  7.06738086E-01  2.55000000E+01 -7.02218494E+01  7.27990799E-01
  2.60000000E+01 -7.85044789E+01  3.42576600E-01  2.60000000E+01 -6.57917440E+01  3.25558944E-01  2.60000000E+01 -5.84768246E+01  6.88559863E-01  2.60000000E+01 -5.48091308E+01  5.17276591E-01
  2.65000000E+01 -8.34827495E+01  2.20971794E-01  2.65000000E+01 -7.36430585E+01  3.76132664E-01  2.65000000E+01 -6.54278813E+01  7.87629662E-01  2.65000000E+01 -6.07768351E+01  8.15570478E-01
  2.70000000E+01 -8.70878236E+01  1.65214435E-02  2.70000000E+01 -8.53857976E+01  1.21711980E-01  2.70000000E+01 -8.20685714E+01  4.79090526E-01  2.70000000E+01 -7.89961430E+01  5.92478180E-01
  2.75000000E+01 -8.72715229E+01  1.25079025E-02  2.75000000E+01 -8.72162495E+01  1.26088122E-02  2.75000000E+01 -8.69637450E+01  6.23452203E-02  2.75000000E+01 -8.63962441E+01  1.13005835E-01
  2.80000000E+01 -8.72398584E+01  1.28599309E-02  2.80000000E+01 -8.71998604E+01  1.28215491E-02  2.80000000E+01 -8.69340729E+01  8.23260644E-02  2.80000000E+01 -8.60730340E+01  1.47268857E-01
  2.85000000E+01 -8.70207972E+01  1.94906805E-02  2.85000000E+01 -8.53367852E+01  1.44209649E-01  2.85000000E+01 -8.27549998E+01  4.16552074E-01  2.85000000E+01 -7.94084886E+01  5.09693242E-01
  2.90000000E+01 -8.32657156E+01  1.70341724E-01  2.90000000E+01 -7.32904132E+01  3.43159876E-01  2.90000000E+01 -6.68474401E+01  8.26470247E-01  2.90000000E+01 -6.28164494E+01  6.55669068E-01
  2.95000000E+01 -7.77225431E+01  3.52466706E-01  2.95000000E+01 -6.50288105E+01  3.51999193E-01  2.95000000E+01 -5.61987799E+01  6.50961044E-01  2.95000000E+01 -5.29136760E+01  5.49112806E-01
  3.00000000E+01 -8.61364729E+01  8.66474137E-02  3.00000000E+01 -8.03484949E+01  2.68955041E-01  3.00000000E+01 -7.38130006E+01  7.57797123E-01  3.00000000E+01 -6.86149669E+01  7.51134726E-01
  3.05000000E+01 -8.71856838E+01  1.21761678E-02  3.05000000E+01 -8.68619447E+01  3.62118380E-02  3.05000000E+01 -8.55784100E+01  2.11923147E-01  3.05000000E+01 -8.41393389E+01  2.95907096E-01
  3.10000000E+01 -8.72706372E+01  1.04291977E-02  3.10000000E+01 -8.72646273E+01  7.38028842E-03  3.10000000E+01 -8.71864671E+01  2.48601582E-02  3.10000000E+01 -8.69739718E+01  4.36929929E-02
  3.15000000E+01 -8.72303051E+01  1.29389529E-02  3.15000000E+01 -8.70390138E+01  2.80639482E-02  3.15000000E+01 -8.63966942E+01  1.50750700E-01  3.15000000E+01 -8.48278717E+01  2.43455263E-01
  3.20000000E+01 -8.65987468E+01  5.34121121E-02  3.20000000E+01 -8.26160894E+01  2.17403352E-01  3.20000000E+01 -7.83642100E+01  5.76164274E-01  3.20000000E+01 -7.42128493E+01  5.91983412E-01
  3.25000000E+01 -7.87073142E+01  2.87581547E-01  3.25000000E+01 -6.58604063E+01  3.21157684E-01  3.25000000E+01 -5.81289401E+01  7.05317378E-01  3.25000000E+01 -5.45811489E+01  5.40411679E-01
  3.30000000E+01 -8.14673306E+01  2.48581647E-01  3.30000000E+01 -6.97399234E+01  3.93500451E-01  3.30000000E+01 -6.06824107E+01  8.15726379E-01  3.30000000E+01 -5.57893804E+01  6.88746885E-01
  3.35000000E+01 -8.70403644E+01  2.15153494E-02  3.35000000E+01 -8.50153552E+01  1.18309152E-01  3.35000000E+01 -8.14207338E+01  4.35652272E-01  3.35000000E+01 -7.76430251E+01  5.58724029E-01
  3.40000000E+01 -8.72468263E+01  1.11289577E-02  3.40000000E+01 -8.72196099E+01  9.84336802E-03  3.40000000E+01 -8.69712521E+01  5.35170124E-02  3.40000000E+01 -8.65802407E+01  8.58307240E-02
  3.45000000E+01 -8.72568182E+01  1.04656178E-02  3.45000000E+01 -8.72711266E+01  8.21535133E-03  3.45000000E+01 -8.71677334E+01  3.47072112E-02  3.45000000E+01 -8.67997441E+01  6.93151103E-02
  3.50000000E+01 -8.70973517E+01  1.62299450E-02  3.50000000E+01 -8.65173940E+01  6.21769556E-02  3.50000000E+01 -8.51200832E+01  2.26066792E-01  3.50000000E+01 -8.26137972E+01  3.26723085E-01
  3.55000000E+01 -8.48779518E+01  1.09441529E-01  3.55000000E+01 -7.69208431E+01  3.05150105E-01  3.55000000E+01 -7.05328386E+01  7.31474277E-01  3.55000000E+01 -6.58364601E+01  6.42395412E-01
  3.60000000E+01 -7.45684393E+01  3.47189793E-01  3.60000000E+01 -6.09836397E+01  3.05174327E-01  3.60000000E+01 -5.21156022E+01  4.98194471E-01  3.60000000E+01 -4.85092518E+01  4.43406252E-01
  3.65000000E+01 -8.55005355E+01  1.02527139E-01  3.65000000E+01 -7.81230096E+01  2.83622286E-01  3.65000000E+01 -7.06028011E+01  6.99647582E-01  3.65000000E+01 -6.49587297E+01  7.37863330E-01
  3.70000000E+01 -8.71891023E+01  1.52755839E-02  3.70000000E+01 -8.68812843E+01  2.97432999E-02  3.70000000E+01 -8.58062183E+01  1.53807222E-01  3.70000000E+01 -8.42186791E+01  2.34092909E-01
  3.75000000E+01 -8.72914081E+01  8.59840383E-03  3.75000000E+01 -8.72766691E+01  8.50648204E-03  3.75000000E+01 -8.72455084E+01  1.60201571E-02  3.75000000E+01 -8.71937131E+01  1.79228543E-02
  3.80000000E+01 -8.72327084E+01  1.05506527E-02  3.80000000E+01 -8.71903933E+01  1.29836869E-02  3.80000000E+01 -8.70161314E+01  4.01645553E-02  3.80000000E+01 -8.63421443E+01  1.14082485E-01
  3.85000000E+01 -8.69535213E+01  2.39921720E-02  3.85000000E+01 -8.50535361E+01  1.07755779E-01  3.85000000E+01 -8.22904319E+01  3.28458258E-01  3.85000000E+01 -7.86022602E+01  4.25691297E-01
  3.90000000E+01 -7.94903749E+01  2.35952036E-01  3.90000000E+01 -6.71372460E+01  3.50005514E-01  3.90000000E+01 -5.93219905E+01  6.33200173E-01  3.90000000E+01 -5.53282709E+01  5.35588894E-01
  3.95000000E+01 -7.71198739E+01  2.99341282E-01  3.95000000E+01 -6.34810109E+01  3.55421641E-01  3.95000000E+01 -5.41073754E+01  7.35466968E-01  3.95000000E+01 -4.92785786E+01  5.74595179E-01
  4.00000000E+01 -8.69561935E+01  2.50921116E-02  4.00000000E+01 -8.47356006E+01  1.09912829E-01  4.00000000E+01 -8.08779053E+01  3.78097240E-01  4.00000000E+01 -7.67307547E+01  5.01211927E-01
  4.05000000E+01 -8.72713324E+01  1.26945967E-02  4.05000000E+01 -8.72313171E+01  9.73120855E-03  4.05000000E+01 -8.70712722E+01  3.20638708E-02  4.05000000E+01 -8.68527677E+01  4.90860916E-02
  4.10000000E+01 -8.73076672E+01  9.68430294E-03  4.10000000E+01 -8.72865558E+01  7.63057509E-03  4.10000000E+01 -8.72650836E+01  1.50966881E-02  4.10000000E+01 -8.72113835E+01  1.87195317E-02
  4.15000000E+01 -8.72081198E+01  1.22511279E-02  4.15000000E+01 -8.70457671E+01  1.66353120E-02  4.15000000E+01 -8.66133522E+01  6.66367695E-02  4.15000000E+01 -8.54010683E+01  1.76352399E-01
  4.20000000E+01 -8.60850064E+01  5.91837083E-02  4.20000000E+01 -8.09965465E+01  1.94274020E-01  4.20000000E+01 -7.58075511E+01  4.28854179E-01  4.20000000E+01 -7.13670395E+01  4.88841097E-01
  4.25000000E+01 -6.83930788E+01  3.76758239E-01  4.25000000E+01 -5.43195442E+01  2.82202233E-01  4.25000000E+01 -4.62593364E+01  4.62519973E-01  4.25000000E+01 -4.25070225E+01  4.03115187E-01
  4.30000000E+01 -8.37491768E+01  1.43580552E-01  4.30000000E+01 -7.41431188E+01  2.85221949E-01  4.30000000E+01 -6.57788038E+01  6.49607138E-01  4.30000000E+01 -5.95677901E+01  6.54795568E-01
  4.35000000E+01 -8.72138892E+01  1.43883888E-02  4.35000000E+01 -8.70216990E+01  2.05215287E-02  4.35000000E+01 -8.62518796E+01  9.22384988E-02  4.35000000E+01 -8.50203090E+01  1.39427007E-01
  4.40000000E+01 -8.73778336E+01  9.60173961E-03  4.40000000E+01 -8.73783807E+01  8.04387927E-03  4.40000000E+01 -8.73751667E+01  1.33326716E-02  4.40000000E+01 -8.73492913E+01  1.38162498E-02
  4.45000000E+01 -8.74151460E+01  1.00702346E-02  4.45000000E+01 -8.74049504E+01  8.74844438E-03  4.45000000E+01 -8.73960940E+01  1.44146352E-02  4.45000000E+01 -8.72795276E+01  3.12295503E-02
  4.50000000E+01 -8.72317910E+01  1.65837002E-02  4.50000000E+01 -8.68349451E+01  3.27079055E-02  4.50000000E+01 -8.57747820E+01  8.63554568E-02  4.50000000E+01 -8.38667857E+01  2.00450125E-01
  4.55000000E+01 -8.05034481E+01  1.57786047E-01  4.55000000E+01 -6.92684617E+01  2.79581255E-01  4.55000000E+01 -6.12870750E+01  5.16870449E-01  4.55000000E+01 -5.68121614E+01  4.93517009E-01
  4.60000000E+01 -6.23999183E+01  4.31535119E-01  4.60000000E+01 -4.71043108E+01  3.49564240E-01  4.60000000E+01 -3.91456508E+01  5.81316712E-01  4.60000000E+01 -3.48871257E+01  4.46422140E-01
  4.65000000E+01 -8.95580770E+01  2.97119641E-02  4.65000000E+01 -8.67844462E+01  9.63317919E-02  4.65000000E+01 -8.21659504E+01  2.87834523E-01  4.65000000E+01 -7.78151115E+01  3.78677239E-01
  4.70000000E+01 -9.16008004E+01  1.09374148E-02  4.70000000E+01 -9.16417096E+01  1.16618898E-02  4.70000000E+01 -9.16976160E+01  2.04753981E-02  4.70000000E+01 -9.16660817E+01  1.56708853E-02
  4.75000000E+01 -9.34983026E+01  1.09870335E-02  4.75000000E+01 -9.35110952E+01  9.86116999E-03  4.75000000E+01 -9.35132250E+01  2.11931499E-02  4.75000000E+01 -9.35042078E+01  1.57435957E-02
  4.80000000E+01 -9.28120141E+01  1.79908675E-02  4.80000000E+01 -9.27784308E+01  1.59737698E-02  4.80000000E+01 -9.26867334E+01  2.98123320E-02  4.80000000E+01 -9.24962730E+01  2.39833028E-02
  4.85000000E+01 -7.86215954E+01  5.58833933E-02  4.85000000E+01 -7.72144621E+01  6.18701975E-02  4.85000000E+01 -7.48855438E+01  1.49789523E-01  4.85000000E+01 -7.22193078E+01  1.97000621E-01
  4.90000000E+01 -6.04005228E+00  1.64759623E-01  4.90000000E+01 -4.30478742E+00  8.57335139E-02  4.90000000E+01 -3.29778077E+00  1.11307149E-01  4.90000000E+01 -3.17023119E+00  9.48137012E-02
  4.95000000E+01  2.22616382E-01  2.34831842E-02  4.95000000E+01  1.60712660E-01  1.15221675E-02  4.95000000E+01  1.29941462E-01  1.84318237E-02  4.95000000E+01  1.53173022E-01  1.52632086E-02
  5.00000000E+01  2.12392309E-01  2.21069361E-02  5.00000000E+01  1.62161868E-01  1.10334635E-02  5.00000000E+01  1.22859938E-01  1.56884029E-02  5.00000000E+01  9.65116500E-02  1.11688891E-02
  5.05000000E+01 -6.20042724E+00  1.69758708E-01  5.05000000E+01 -4.30628432E+00  8.35017451E-02  5.05000000E+01 -3.43720747E+00  1.06033715E-01  5.05000000E+01 -2.97690861E+00  9.75294391E-02
  5.10000000E+01 -7.85928555E+01  5.35761331E-02  5.10000000E+01 -7.72441890E+01  6.67687192E-02  5.10000000E+01 -7.45443278E+01  1.78485770E-01  5.10000000E+01 -7.16725583E+01  2.41252394E-01
  5.15000000E+01 -9.28135600E+01  1.61056436E-02  5.15000000E+01 -9.27578182E+01  1.42383393E-02  5.15000000E+01 -9.26551685E+01  2.57356681E-02  5.15000000E+01 -9.24005063E+01  3.99877262E-02
  5.20000000E+01 -9.35037996E+01  1.19958252E-02  5.20000000E+01 -9.35245998E+01  8.47732109E-03  5.20000000E+01 -9.34973086E+01  2.05520302E-02  5.20000000E+01 -9.34881578E+01  1.37995834E-02
  5.25000000E+01 -9.15969348E+01  1.25972412E-02  5.25000000E+01 -9.16632452E+01  1.01821058E-02  5.25000000E+01 -9.16508213E+01  1.89298928E-02  5.25000000E+01 -9.16605463E+01  1.53645600E-02
  5.30000000E+01 -8.95406739E+01  3.01269053E-02  5.30000000E+01 -8.67742145E+01  9.64158363E-02  5.30000000E+01 -8.28469441E+01  3.19242959E-01  5.30000000E+01 -7.84929319E+01  3.59117044E-01
  5.35000000E+01 -6.26680765E+01  3.79094594E-01  5.35000000E+01 -4.75291799E+01  3.41752185E-01  5.35000000E+01 -4.09128882E+01  5.66469546E-01  5.35000000E+01 -3.64510948E+01  4.70422610E-01
  5.40000000E+01 -8.09569343E+01  1.79473529E-01  5.40000000E+01 -6.96206999E+01  2.69789635E-01  5.40000000E+01 -6.03204822E+01  5.85743620E-01  5.40000000E+01 -5.54867588E+01  5.66400670E-01
  5.45000000E+01 -8.72693824E+01  1.82593516E-02  5.45000000E+01 -8.68608454E+01  2.87854940E-02  5.45000000E+01 -8.53209288E+01  1.34114724E-01  5.45000000E+01 -8.30406628E+01  2.61845988E-01
  5.50000000E+01 -8.74137936E+01  1.05366340E-02  5.50000000E+01 -8.74052823E+01  8.85528995E-03  5.50000000E+01 -8.73743615E+01  1.55046551E-02  5.50000000E+01 -8.71984543E+01  4.68700373E-02
  5.55000000E+01 -8.73693836E+01  9.70911476E-03  5.55000000E+01 -8.73539716E+01  8.01344897E-03  5.55000000E+01 -8.73729679E+01  1.24722438E-02  5.55000000E+01 -8.73229710E+01  1.32835251E-02
  5.60000000E+01 -8.71940528E+01  1.70798219E-02  5.60000000E+01 -8.70009678E+01  2.02009399E-02  5.60000000E+01 -8.63760256E+01  8.75513318E-02  5.60000000E+01 -8.51392894E+01  1.34262016E-01
  5.65000000E+01 -8.37509552E+01  1.37150852E-01  5.65000000E+01 -7.41063578E+01  3.00523610E-01  5.65000000E+01 -6.73081214E+01  7.48638929E-01  5.65000000E+01 -6.13367030E+01  6.33575662E-01
  5.70000000E+01 -6.86003355E+01  3.93173065E-01  5.70000000E+01 -5.47388553E+01  2.67754984E-01  5.70000000E+01 -4.67224316E+01  4.27529460E-01  5.70000000E+01 -4.36628788E+01  3.92737509E-01
  5.75000000E+01 -8.61295779E+01  6.00191926E-02  5.75000000E+01 -8.09766747E+01  1.82889104E-01  5.75000000E+01 -7.41089273E+01  5.30854646E-01  5.75000000E+01 -6.95608289E+01  6.08536518E-01
  5.80000000E+01 -8.71790062E+01  1.42499205E-02  5.80000000E+01 -8.70524541E+01  1.62736744E-02  5.80000000E+01 -8.63565937E+01  8.90638951E-02  5.80000000E+01 -8.46572000E+01  2.44611843E-01
  5.85000000E+01 -8.72778537E+01  1.05050162E-02  5.85000000E+01 -8.72709604E+01  8.47862143E-03  5.85000000E+01 -8.72631321E+01  1.30104192E-02  5.85000000E+01 -8.71147041E+01  4.06242889E-02
  5.90000000E+01 -8.72308110E+01  1.11937479E-02  5.90000000E+01 -8.72063821E+01  1.22130658E-02  5.90000000E+01 -8.71121774E+01  2.83127358E-02  5.90000000E+01 -8.68468894E+01  5.11535778E-02
  5.95000000E+01 -8.69292130E+01  2.60596501E-02  5.95000000E+01 -8.46505556E+01  1.22742381E-01  5.95000000E+01 -8.13244508E+01  4.18511963E-01  5.95000000E+01 -7.74057169E+01  4.24570032E-01
  6.00000000E+01 -7.67195284E+01  3.21960359E-01  6.00000000E+01 -6.35842387E+01  3.64595073E-01  6.00000000E+01 -5.63372462E+01  7.24391062E-01  6.00000000E+01 -5.11280729E+01  6.57024896E-01
  6.05000000E+01 -7.93493212E+01  2.82054893E-01  6.05000000E+01 -6.73268577E+01  3.47823261E-01  6.05000000E+01 -5.81718419E+01  6.66770814E-01  6.05000000E+01 -5.48007027E+01  5.48560913E-01
  6.10000000E+01 -8.69545168E+01  2.64758867E-02  6.10000000E+01 -8.50375588E+01  1.04574321E-01  6.10000000E+01 -8.07243011E+01  4.12681012E-01  6.10000000E+01 -7.70875976E+01  5.39889851E-01
  6.15000000E+01 -8.72402749E+01  1.01864409E-02  6.15000000E+01 -8.71962077E+01  1.30472925E-02  6.15000000E+01 -8.68358521E+01  6.62825675E-02  6.15000000E+01 -8.58034425E+01  2.12887953E-01
  6.20000000E+01 -8.72779640E+01  1.18066718E-02  6.20000000E+01 -8.72561606E+01  7.93573197E-03  6.20000000E+01 -8.72385679E+01  1.54560063E-02  6.20000000E+01 -8.71242344E+01  3.19515461E-02
  6.25000000E+01 -8.71631965E+01  1.43383777E-02  6.25000000E+01 -8.68273009E+01  3.46855003E-02  6.25000000E+01 -8.58707532E+01  1.53119723E-01  6.25000000E+01 -8.43431678E+01  2.18839964E-01
  6.30000000E+01 -8.52546705E+01  1.18089488E-01  6.30000000E+01 -7.78997126E+01  2.95906309E-01  6.30000000E+01 -7.19288435E+01  7.56645822E-01  6.30000000E+01 -6.63606201E+01  6.88142396E-01
  6.35000000E+01 -7.41093624E+01  3.81826053E-01  6.35000000E+01 -6.08683495E+01  3.05825349E-01  6.35000000E+01 -5.36271128E+01  5.71341684E-01  6.35000000E+01 -5.02183102E+01  4.40751466E-01
  6.40000000E+01 -8.49003943E+01  1.30604171E-01  6.40000000E+01 -7.69299174E+01  3.04039702E-01  6.40000000E+01 -6.87027931E+01  7.74045804E-01  6.40000000E+01 -6.49801348E+01  7.23288225E-01
  6.45000000E+01 -8.71837206E+01  1.21153326E-02  6.45000000E+01 -8.64224219E+01  6.33463274E-02  6.45000000E+01 -8.40984577E+01  3.08109780E-01  6.45000000E+01 -8.12272536E+01  4.35404446E-01
  6.50000000E+01 -8.72786134E+01  1.00190935E-02  6.50000000E+01 -8.72543764E+01  8.37740171E-03  6.50000000E+01 -8.70796606E+01  4.08956282E-02  6.50000000E+01 -8.64762080E+01  1.39524381E-01
  6.55000000E+01 -8.72563430E+01  1.25277337E-02  6.55000000E+01 -8.72162189E+01  1.12460603E-02  6.55000000E+01 -8.69840719E+01  4.70571996E-02  6.55000000E+01 -8.64872457E+01  9.84141748E-02
  6.60000000E+01 -8.69510098E+01  2.82504188E-02  6.60000000E+01 -8.50378771E+01  1.23962859E-01  6.60000000E+01 -8.16393785E+01  4.55882954E-01  6.60000000E+01 -7.82698946E+01  4.57679495E-01
  6.65000000E+01 -8.09342386E+01  2.81062229E-01  6.65000000E+01 -6.93936170E+01  3.85121166E-01  6.65000000E+01 -6.30723638E+01  8.16210438E-01  6.65000000E+01 -5.74185517E+01  7.69707975E-01
  6.70000000E+01 -7.84204771E+01  3.14724969E-01  6.70000000E+01 -6.60376667E+01  3.54606510E-01  6.70000000E+01 -5.84878751E+01  6.30001940E-01  6.70000000E+01 -5.51571130E+01  4.67926365E-01
  6.75000000E+01 -8.65917458E+01  6.05124057E-02  6.75000000E+01 -8.24673293E+01  2.14813681E-01  6.75000000E+01 -7.64316382E+01  6.90925784E-01  6.75000000E+01 -7.21916212E+01  7.43831820E-01
  6.80000000E+01 -8.72263971E+01  1.37511381E-02  6.80000000E+01 -8.69838394E+01  4.16868695E-02  6.80000000E+01 -8.57413584E+01  2.12213080E-01  6.80000000E+01 -8.39137638E+01  3.40123412E-01
  6.85000000E+01 -8.72992853E+01  1.15637810E-02  6.85000000E+01 -8.72762916E+01  9.97041227E-03  6.85000000E+01 -8.71837745E+01  2.77902934E-02  6.85000000E+01 -8.67215548E+01  9.15140060E-02
  6.90000000E+01 -8.72082806E+01  1.40887534E-02  6.90000000E+01 -8.69100889E+01  3.58669292E-02  6.90000000E+01 -8.56785221E+01  1.96543061E-01  6.90000000E+01 -8.41823549E+01  2.60361329E-01
  6.95000000E+01 -8.59638436E+01  9.63721514E-02  6.95000000E+01 -8.01348164E+01  2.81586341E-01  6.95000000E+01 -7.46366120E+01  7.36605729E-01  6.95000000E+01 -6.98057182E+01  6.58671601E-01
  7.00000000E+01 -7.73262311E+01  3.53026077E-01  7.00000000E+01 -6.46414350E+01  3.41300973E-01  7.00000000E+01 -5.82601897E+01  6.86921610E-01  7.00000000E+01 -5.40685388E+01  6.31047426E-01
  7.05000000E+01 -8.33021583E+01  2.00301233E-01  7.05000000E+01 -7.38350953E+01  3.42236368E-01  7.05000000E+01 -6.54463252E+01  8.13485072E-01  7.05000000E+01 -6.22698484E+01  7.39948711E-01
  7.10000000E+01 -8.70552778E+01  2.79317054E-02  7.10000000E+01 -8.52426303E+01  1.38720772E-01  7.10000000E+01 -8.11912260E+01  5.39522388E-01  7.10000000E+01 -7.77639742E+01  6.28688800E-01
  7.15000000E+01 -8.72556770E+01  9.84651371E-03  7.15000000E+01 -8.71785227E+01  2.18968124E-02  7.15000000E+01 -8.65955493E+01  1.24507084E-01  7.15000000E+01 -8.53876714E+01  2.60978423E-01
  7.20000000E+01 -8.72626430E+01  1.19024261E-02  7.20000000E+01 -8.72217827E+01  1.29379712E-02  7.20000000E+01 -8.69039460E+01  7.41404029E-02  7.20000000E+01 -8.61795849E+01  1.38244529E-01
  7.25000000E+01 -8.70732204E+01  2.43340689E-02  7.25000000E+01 -8.54854924E+01  1.16923424E-01  7.25000000E+01 -8.23676822E+01  4.63700988E-01  7.25000000E+01 -7.94612805E+01  4.42474497E-01
  7.30000000E+01 -8.30056364E+01  2.31401274E-01  7.30000000E+01 -7.30649371E+01  4.15883036E-01  7.30000000E+01 -6.72787551E+01  8.55984404E-01  7.30000000E+01 -6.16118183E+01  8.37312042E-01
  7.35000000E+01 -7.81186097E+01  3.55015850E-01  7.35000000E+01 -6.64292179E+01  3.23956924E-01  7.35000000E+01 -5.87389915E+01  6.12925277E-01  7.35000000E+01 -5.58065677E+01  4.63831758E-01
  7.40000000E+01 -8.59339511E+01  1.27215716E-01  7.40000000E+01 -7.98625992E+01  2.90953935E-01  7.40000000E+01 -7.25225839E+01  8.51915251E-01  7.40000000E+01 -6.90619552E+01  8.64791549E-01
  7.45000000E+01 -8.71995330E+01  1.37786620E-02  7.45000000E+01 -8.64258589E+01  8.89401271E-02  7.45000000E+01 -8.40751897E+01  3.65155979E-01  7.45000000E+01 -8.16468432E+01  5.20305028E-01
  7.50000000E+01 -8.72828389E+01  9.82299839E-03  7.50000000E+01 -8.72327210E+01  1.12737542E-02  7.50000000E+01 -8.69501678E+01  6.07849039E-02  7.50000000E+01 -8.62281948E+01  1.73610473E-01
  7.55000000E+01 -8.72404988E+01  1.12507113E-02  7.55000000E+01 -8.69235195E+01  3.98245453E-02  7.55000000E+01 -8.58381066E+01  2.02364959E-01  7.55000000E+01 -8.43603296E+01  2.63183512E-01
  7.60000000E+01 -8.64368489E+01  8.14318155E-02  7.60000000E+01 -8.14265917E+01  2.73529897E-01  7.60000000E+01 -7.71520424E+01  6.91136510E-01  7.60000000E+01 -7.24226675E+01  6.51720582E-01
  7.65000000E+01 -7.94774222E+01  3.15219568E-01  7.65000000E+01 -6.77563130E+01  4.09990715E-01  7.65000000E+01 -6.16729713E+01  8.35178775E-01  7.65000000E+01 -5.70111200E+01  7.48689194E-01
  7.70000000E+01 -8.18491101E+01  2.84648931E-01  7.70000000E+01 -7.14945419E+01  3.73063320E-01  7.70000000E+01 -6.33935252E+01  7.50575636E-01  7.70000000E+01 -6.08459689E+01  6.22790315E-01
  7.75000000E+01 -8.68338256E+01  6.27867296E-02  7.75000000E+01 -8.35721596E+01  2.19167754E-01  7.75000000E+01 -7.79586702E+01  7.71099650E-01  7.75000000E+01 -7.49135829E+01  7.78855326E-01
  7.80000000E+01 -8.72446381E+01  1.22612840E-02  7.80000000E+01 -8.69766109E+01  4.16392294E-02  7.80000000E+01 -8.58725056E+01  1.95110150E-01  7.80000000E+01 -8.42554927E+01  3.88399466E-01
  7.85000000E+01 -8.72615962E+01  1.10034868E-02  7.85000000E+01 -8.72126748E+01  1.24129388E-02  7.85000000E+01 -8.68947995E+01  8.23807538E-02  7.85000000E+01 -8.60723896E+01  1.41480619E-01
  7.90000000E+01 -8.70843957E+01  2.30165769E-02  7.90000000E+01 -8.57610498E+01  1.24151537E-01  7.90000000E+01 -8.32880917E+01  4.08210752E-01  7.90000000E+01 -8.03425684E+01  4.73009194E-01
  7.95000000E+01 -8.42330784E+01  1.96750293E-01  7.95000000E+01 -7.57266443E+01  3.95112870E-01  7.95000000E+01 -7.00872776E+01  8.81327147E-01  7.95000000E+01 -6.50023387E+01  8.19232359E-01
  8.00000000E+01 -7.82159884E+01  3.56480538E-01  8.00000000E+01 -6.68811210E+01  3.63833009E-01  8.00000000E+01 -6.00075880E+01  6.78298512E-01  8.00000000E+01 -5.69727388E+01  5.42361307E-01
  8.05000000E+01 -8.49654210E+01  1.66128579E-01  8.05000000E+01 -7.72562745E+01  3.44039858E-01  8.05000000E+01 -6.96426852E+01  9.18751910E-01  8.05000000E+01 -6.65972295E+01  8.13556378E-01
  8.10000000E+01 -8.71274859E+01  1.94456496E-02  8.10000000E+01 -8.56571329E+01  1.35867159E-01  8.10000000E+01 -8.21562161E+01  5.59204674E-01  8.10000000E+01 -7.96500798E+01  6.51555475E-01
  8.15000000E+01 -8.72669952E+01  9.95138893E-03  8.15000000E+01 -8.71668857E+01  1.75909901E-02  8.15000000E+01 -8.66919657E+01  1.22803953E-01  8.15000000E+01 -8.56101344E+01  2.39079753E-01
  8.20000000E+01 -8.72295967E+01  1.30638202E-02  8.20000000E+01 -8.69895051E+01  3.83517008E-02  8.20000000E+01 -8.61250479E+01  1.82574775E-01  8.20000000E+01 -8.45612292E+01  2.81856807E-01
  8.25000000E+01 -8.66389678E+01  6.47235295E-02  8.25000000E+01 -8.28015865E+01  2.50382076E-01  8.25000000E+01 -7.89180101E+01  6.29841966E-01  8.25000000E+01 -7.43829586E+01  6.96159000E-01
  8.30000000E+01 -8.07812752E+01  2.88295597E-01  8.30000000E+01 -7.03755994E+01  4.05650849E-01  8.30000000E+01 -6.41113029E+01  9.29887248E-01  8.30000000E+01 -5.98573613E+01  7.92009935E-01
  8.35000000E+01 -8.03916358E+01  3.73232633E-01  8.35000000E+01 -6.99989322E+01  3.54068499E-01  8.35000000E+01 -6.27353312E+01  7.29610339E-01  8.35000000E+01 -5.96397948E+01  5.98452549E-01
  8.40000000E+01 -8.64865291E+01  8.01284931E-02  8.40000000E+01 -8.18101877E+01  2.87436877E-01  8.40000000E+01 -7.55274211E+01  8.66356397E-01  8.40000000E+01 -7.23354784E+01  8.62350003E-01
  8.45000000E+01 -8.72254050E+01  1.28903531E-02  8.45000000E+01 -8.66946144E+01  6.34793383E-02  8.45000000E+01 -8.48971388E+01  3.30476661E-01  8.45000000E+01 -8.30247594E+01  4.84883365E-01
  8.50000000E+01 -8.72648529E+01  1.17711080E-02  8.50000000E+01 -8.72208349E+01  1.23983388E-02  8.50000000E+01 -8.68187522E+01  7.80410159E-02  8.50000000E+01 -8.59229381E+01  1.58246316E-01
  8.55000000E+01 -8.71904821E+01  1.64519769E-02  8.55000000E+01 -8.61541343E+01  1.05434219E-01  8.55000000E+01 -8.41257018E+01  3.51735224E-01  8.55000000E+01 -8.13369845E+01  4.72733729E-01
  8.60000000E+01 -8.52354789E+01  1.41940790E-01  8.60000000E+01 -7.82847149E+01  3.54877703E-01  8.60000000E+01 -7.26431787E+01  8.70579798E-01  8.60000000E+01 -6.80526998E+01  8.18213426E-01
  8.65000000E+01 -7.84762638E+01  3.77175381E-01  8.65000000E+01 -6.75406766E+01  3.76809670E-01  8.65000000E+01 -6.13177369E+01  7.49480343E-01  8.65000000E+01 -5.79755616E+01  6.65698184E-01
  8.70000000E+01 -8.38957800E+01  2.16520894E-01  8.70000000E+01 -7.48879646E+01  3.83582437E-01  8.70000000E+01 -6.75968892E+01  9.10851206E-01  8.70000000E+01 -6.43549970E+01  8.02456102E-01
  8.75000000E+01 -8.70178891E+01  3.62881256E-02  8.75000000E+01 -8.45830986E+01  2.09755421E-01  8.75000000E+01 -8.02361841E+01  6.59985345E-01  8.75000000E+01 -7.74654039E+01  7.64380316E-01
  8.80000000E+01 -8.72494689E+01  1.08281722E-02  8.80000000E+01 -8.71027885E+01  2.76923230E-02  8.80000000E+01 -8.62608522E+01  2.03460310E-01  8.80000000E+01 -8.49062614E+01  3.27908711E-01
  8.85000000E+01 -8.72409374E+01  1.09599714E-02  8.85000000E+01 -8.70630694E+01  2.88538973E-02  8.85000000E+01 -8.62668096E+01  1.67157597E-01  8.85000000E+01 -8.49285253E+01  2.46127312E-01
  8.90000000E+01 -8.69157237E+01  4.29283869E-02  8.90000000E+01 -8.40758919E+01  2.07208367E-01  8.90000000E+01 -8.03809610E+01  6.09719406E-01  8.90000000E+01 -7.63939199E+01  6.59339734E-01
  8.95000000E+01 -8.26246688E+01  2.58186898E-01  8.95000000E+01 -7.27361571E+01  3.98966837E-01  8.95000000E+01 -6.62949286E+01  9.60385900E-01  8.95000000E+01 -6.25700832E+01  8.34378463E-01
  9.00000000E+01 -7.96429551E+01  3.93386885E-01  9.00000000E+01 -6.86036653E+01  3.65619120E-01  9.00000000E+01 -6.22670657E+01  7.67932380E-01  9.00000000E+01 -5.89649843E+01  6.15252761E-01
  9.05000000E+01 -8.61049618E+01  1.00430607E-01  9.05000000E+01 -7.97439184E+01  3.53675798E-01  9.05000000E+01 -7.27900244E+01  8.94341597E-01  9.05000000E+01 -7.00301505E+01  8.95221736E-01
  9.10000000E+01 -8.71848328E+01  1.63477456E-02  9.10000000E+01 -8.61765506E+01  1.08611003E-01  9.10000000E+01 -8.37410958E+01  4.56934747E-01  9.10000000E+01 -8.16662702E+01  5.90749750E-01
  9.15000000E+01 -8.72549380E+01  1.14861576E-02  9.15000000E+01 -8.71862475E+01  1.53371887E-02  9.15000000E+01 -8.68083231E+01  9.42729148E-02  9.15000000E+01 -8.56112843E+01  1.98546758E-01
  9.20000000E+01 -8.72080369E+01  1.26852276E-02  9.20000000E+01 -8.64785252E+01  7.87855160E-02  9.20000000E+01 -8.47674299E+01  3.30442080E-01  9.20000000E+01 -8.24337989E+01  4.28578508E-01
  9.25000000E+01 -8.61078872E+01  1.07925716E-01  9.25000000E+01 -8.02983495E+01  3.22519827E-01  9.25000000E+01 -7.48762471E+01  8.20471019E-01  9.25000000E+01 -7.08470738E+01  8.02557182E-01
  9.30000000E+01 -8.00274298E+01  3.06767122E-01  9.30000000E+01 -6.86928813E+01  3.91533185E-01  9.30000000E+01 -6.25560189E+01  8.37207728E-01  9.30000000E+01 -5.91374349E+01  7.59083945E-01
  9.35000000E+01 -8.28162470E+01  2.70117189E-01  9.35000000E+01 -7.27940265E+01  3.74338132E-01  9.35000000E+01 -6.54292690E+01  8.78500106E-01  9.35000000E+01 -6.23502397E+01  7.73933134E-01
  9.40000000E+01 -8.68584093E+01  5.16412483E-02  9.40000000E+01 -8.32041931E+01  2.68728274E-01  9.40000000E+01 -7.80556845E+01  7.62593686E-01  9.40000000E+01 -7.55525272E+01  8.12301591E-01
  9.45000000E+01 -8.72440014E+01  1.07630028E-02  9.45000000E+01 -8.68912300E+01  4.83330543E-02  9.45000000E+01 -8.57161255E+01  2.68016410E-01  9.45000000E+01 -8.42241464E+01  3.94498299E-01
  9.50000000E+01 -8.72534140E+01  1.02611368E-02  9.50000000E+01 -8.71302136E+01  2.33497725E-02  9.50000000E+01 -8.65747314E+01  1.21422212E-01  9.50000000E+01 -8.51933250E+01  2.19849940E-01
  9.55000000E+01 -8.70787065E+01  2.78655664E-02  9.55000000E+01 -8.49260422E+01  1.82867137E-01  9.55000000E+01 -8.18973965E+01  5.48526242E-01  9.55000000E+01 -7.83240149E+01  6.34609106E-01
  9.60000000E+01 -8.38995986E+01  2.25907675E-01  9.60000000E+01 -7.53743964E+01  3.73908936E-01  9.60000000E+01 -6.94334984E+01  8.99671352E-01  9.60000000E+01 -6.54709110E+01  8.55328142E-01
  9.65000000E+01 -7.95358871E+01  3.58748729E-01  9.65000000E+01 -6.83316655E+01  3.32430577E-01  9.65000000E+01 -6.16136112E+01  6.79745699E-01  9.65000000E+01 -5.86230353E+01  6.72881789E-01
  9.70000000E+01 -8.52580968E+01  1.62865653E-01  9.70000000E+01 -7.78212560E+01  3.91596768E-01  9.70000000E+01 -7.02656099E+01  9.51260560E-01  9.70000000E+01 -6.73740636E+01  8.59789727E-01
  9.75000000E+01 -8.71655830E+01  2.47410519E-02  9.75000000E+01 -8.54949925E+01  1.59214351E-01  9.75000000E+01 -8.23890631E+01  5.65491337E-01  9.75000000E+01 -8.02674430E+01  6.48126708E-01
  9.80000000E+01 -8.72749353E+01  1.07940935E-02  9.80000000E+01 -8.71570601E+01  2.20730501E-02  9.80000000E+01 -8.65983781E+01  1.34789272E-01  9.80000000E+01 -8.54300166E+01  2.40277250E-01
  9.85000000E+01 -8.72149834E+01  1.50128903E-02  9.85000000E+01 -8.67412348E+01  6.64331530E-02  9.85000000E+01 -8.55925060E+01  2.70588232E-01  9.85000000E+01 -8.33823390E+01  3.79977215E-01
  9.90000000E+01 -8.65042628E+01  8.77714521E-02  9.90000000E+01 -8.20831631E+01  2.98663147E-01  9.90000000E+01 -7.76576051E+01  8.15554313E-01  9.90000000E+01 -7.33885466E+01  7.80982183E-01
  9.95000000E+01 -8.10960001E+01  3.28766931E-01  9.95000000E+01 -7.07037932E+01  3.84578341E-01  9.95000000E+01 -6.43887207E+01  8.09465283E-01  9.95000000E+01 -6.09897082E+01  8.48808043E-01
