#                   T = 0.50                                        T = 1.00                                        T = 1.50                                        T = 2.00                    
#          r [Å]          ρ1d(r)         Δρ1d(r)           r [Å]          ρ1d(r)         Δρ1d(r)           r [Å]          ρ1d(r)         Δρ1d(r)           r [Å]          ρ1d(r)         Δρ1d(r)
  0.00000000E+00  6.98017202E-02  2.56343928E-03  0.00000000E+00  8.00095610E-02  2.94142548E-03  0.00000000E+00  8.90454540E-02  5.71105064E-03  0.00000000E+00  1.10677510E-01  5.80332071E-03
  5.00000000E-01  2.46123756E-01  5.79551424E-03  5.00000000E-01  2.46761857E-01  6.63836066E-03  5.00000000E-01  2.39880213E-01  1.31095396E-02  5.00000000E-01  2.60476925E-01  1.13014644E-02
  1.00000000E+00  5.21185523E-01  5.54643958E-03  1.00000000E+00  4.99803281E-01  6.52084804E-03  1.00000000E+00  4.70969870E-01  1.25431096E-02  1.00000000E+00  4.64623785E-01  1.18633429E-02
  1.50000000E+00  6.06935484E-01  4.68324241E-03  1.50000000E+00  5.83839016E-01  4.13116753E-03  1.50000000E+00  5.63131703E-01  7.75112208E-03  1.50000000E+00  5.35000766E-01  7.75085619E-03
  2.00000000E+00  3.89397827E-01  6.36877211E-03  2.00000000E+00  3.96090459E-01  7.42400257E-03  2.00000000E+00  4.08378523E-01  1.38399601E-02  2.00000000E+00  3.91269760E-01  1.18695664E-02
  2.50000000E+00  1.38470258E-01  4.10051129E-03  2.50000000E+00  1.57785212E-01  5.27703919E-03  2.50000000E+00  1.82013613E-01  1.10587536E-02  2.50000000E+00  1.85682258E-01  1.02901967E-02
  3.00000000E+00  4.67213005E-02  1.78296995E-03  3.00000000E+00  5.94991759E-02  1.76313680E-03  3.00000000E+00  7.50004123E-02  4.39048560E-03  3.00000000E+00  8.91236439E-02  4.72090996E-03
  3.50000000E+00  1.21687204E-01  3.91364802E-03  3.50000000E+00  1.29041217E-01  4.65556352E-03  3.50000000E+00  1.31995491E-01  8.91174532E-03  3.50000000E+00  1.53979967E-01  8.17720766E-03
  4.00000000E+00  3.60723634E-01  6.35538296E-03  4.00000000E+00  3.52766344E-01  7.33361025E-03  4.00000000E+00  3.35081966E-01  1.40335393E-02  4.00000000E+00  3.46485132E-01  1.22391230E-02
  4.50000000E+00  5.95704157E-01  4.31732728E-03  4.50000000E+00  5.71786800E-01  4.72020892E-03  4.50000000E+00  5.42503129E-01  9.42741518E-03  4.50000000E+00  5.22888078E-01  9.45157909E-03
  5.00000000E+00  5.43604237E-01  5.70483078E-03  5.00000000E+00  5.32688542E-01  5.82902099E-03  5.00000000E+00  5.25940238E-01  1.04506462E-02  5.00000000E+00  5.01063651E-01  8.94673865E-03
  5.50000000E+00  2.73035247E-01  5.71173107E-03  5.50000000E+00  2.85934564E-01  7.05646368E-03  5.50000000E+00  3.07694574E-01  1.37359965E-02  5.50000000E+00  3.02610552E-01  1.22219085E-02
  6.00000000E+00  7.99464034E-02  2.86724742E-03  6.00000000E+00  9.51756264E-02  3.43286123E-03  6.00000000E+00  1.17234330E-01  7.86119888E-03  6.00000000E+00  1.24694829E-01  7.54436126E-03
  6.50000000E+00  5.74122451E-02  2.14171542E-03  6.50000000E+00  6.70707741E-02  2.32292073E-03  6.50000000E+00  7.65792260E-02  4.65131360E-03  6.50000000E+00  9.37001751E-02  4.79877924E-03
  7.00000000E+00  2.02878171E-01  5.12996392E-03  7.00000000E+00  2.06757695E-01  6.16768251E-03  7.00000000E+00  2.01342629E-01  1.17195971E-02  7.00000000E+00  2.20937088E-01  1.01621804E-02
  7.50000000E+00  4.75316199E-01  5.83063739E-03  7.50000000E+00  4.62941338E-01  6.69720737E-03  7.50000000E+00  4.37646038E-01  1.29616364E-02  7.50000000E+00  4.35125900E-01  1.17607601E-02
  8.00000000E+00  6.17052825E-01  3.92670392E-03  8.00000000E+00  5.95570858E-01  3.69007059E-03  8.00000000E+00  5.71826743E-01  7.44328282E-03  8.00000000E+00  5.47299096E-01  7.35731021E-03
  8.50000000E+00  4.41210472E-01  6.19759996E-03  8.50000000E+00  4.39645699E-01  6.99217405E-03  8.50000000E+00  4.47726398E-01  1.27405040E-02  8.50000000E+00  4.33103859E-01  1.11829360E-02
  9.00000000E+00  1.72979555E-01  4.50216020E-03  9.00000000E+00  1.87399782E-01  5.69758680E-03  9.00000000E+00  2.13591187E-01  1.16348241E-02  9.00000000E+00  2.14257186E-01  1.06832770E-02
  9.50000000E+00  5.08094766E-02  1.96043641E-03  9.50000000E+00  6.17248761E-02  1.82929292E-03  9.50000000E+00  7.86611362E-02  5.05074269E-03  9.50000000E+00  8.80444942E-02  4.78091094E-03
  1.00000000E+01  9.55368116E-02  3.16215169E-03  1.00000000E+01  1.02900262E-01  3.82532936E-03  1.00000000E+01  1.06208251E-01  7.30997519E-03  1.00000000E+01  1.25618738E-01  6.59468545E-03
  1.05000000E+01  3.08244016E-01  5.79745359E-03  1.05000000E+01  3.07328341E-01  7.01876960E-03  1.05000000E+01  2.93512577E-01  1.29066768E-02  1.05000000E+01  3.07655946E-01  1.15644026E-02
  1.10000000E+01  5.70066464E-01  4.50598006E-03  1.10000000E+01  5.52605129E-01  5.05019102E-03  1.10000000E+01  5.22757038E-01  1.00536200E-02  1.10000000E+01  5.08981936E-01  9.91410088E-03
  1.15000000E+01  5.78266846E-01  4.96865288E-03  1.15000000E+01  5.65380195E-01  4.97155134E-03  1.15000000E+01  5.53867149E-01  8.71950634E-03  1.15000000E+01  5.30555919E-01  7.63122203E-03
  1.20000000E+01  3.22016381E-01  5.67475209E-03  1.20000000E+01  3.29200766E-01  7.07114290E-03  1.20000000E+01  3.50436629E-01  1.30515377E-02  1.20000000E+01  3.43341674E-01  1.22287595E-02
  1.25000000E+01  1.00805704E-01  3.26307413E-03  1.25000000E+01  1.12964231E-01  3.82799870E-03  1.25000000E+01  1.36396179E-01  8.68250952E-03  1.25000000E+01  1.39997677E-01  7.74556001E-03
  1.30000000E+01  4.84471569E-02  1.73026775E-03  1.30000000E+01  5.65384065E-02  1.69708266E-03  1.30000000E+01  6.62242669E-02  3.84337887E-03  1.30000000E+01  8.00520203E-02  3.71936066E-03
  1.35000000E+01  1.61717606E-01  4.24380379E-03  1.35000000E+01  1.67145816E-01  5.34712837E-03  1.35000000E+01  1.64061790E-01  9.75576026E-03  1.35000000E+01  1.84535759E-01  8.97394369E-03
  1.40000000E+01  4.27281379E-01  5.60773096E-03  1.40000000E+01  4.19006878E-01  6.78842661E-03  1.40000000E+01  3.97540364E-01  1.27267423E-02  1.40000000E+01  4.02040415E-01  1.18035954E-02
  1.45000000E+01  6.19093890E-01  3.94963618E-03  1.45000000E+01  6.01234566E-01  3.44520553E-03  1.45000000E+01  5.76314570E-01  7.88530967E-03  1.45000000E+01  5.54407649E-01  6.66172668E-03
  1.50000000E+01  4.91222666E-01  5.46143660E-03  1.50000000E+01  4.86734915E-01  6.52002476E-03  1.50000000E+01  4.92394093E-01  1.11799367E-02  1.50000000E+01  4.73497881E-01  1.05083189E-02
  1.55000000E+01  2.11635321E-01  4.68993197E-03  1.55000000E+01  2.22953668E-01  5.93938329E-03  1.55000000E+01  2.47548799E-01  1.20316371E-02  1.55000000E+01  2.44786049E-01  1.07210893E-02
  1.60000000E+01  5.69046693E-02  2.05866134E-03  1.60000000E+01  6.69092373E-02  2.09821346E-03  1.60000000E+01  8.23062518E-02  5.33145651E-03  1.60000000E+01  9.11860225E-02  4.69502924E-03
  1.65000000E+01  7.10392502E-02  2.44258186E-03  1.65000000E+01  7.84264670E-02  2.85483748E-03  1.65000000E+01  8.21106650E-02  5.48354333E-03  1.65000000E+01  1.00131887E-01  5.26279828E-03
  1.70000000E+01  2.57049531E-01  4.93571800E-03  1.70000000E+01  2.58640134E-01  6.43224502E-03  1.70000000E+01  2.47671784E-01  1.14368659E-02  1.70000000E+01  2.64100503E-01  1.07382449E-02
  1.75000000E+01  5.37666631E-01  4.69620065E-03  1.75000000E+01  5.24199045E-01  5.50842512E-03  1.75000000E+01  4.98997876E-01  1.10309764E-02  1.75000000E+01  4.88680040E-01  9.83850155E-03
  1.80000000E+01  6.10878114E-01  4.27669308E-03  1.80000000E+01  5.95746643E-01  4.14106352E-03  1.80000000E+01  5.84431269E-01  7.11328134E-03  1.80000000E+01  5.59624852E-01  6.35751321E-03
  1.85000000E+01  3.75198935E-01  5.29615072E-03  1.85000000E+01  3.78815127E-01  6.89450824E-03  1.85000000E+01  3.95744898E-01  1.24580886E-02  1.85000000E+01  3.85542627E-01  1.15274332E-02
  1.90000000E+01  1.24144205E-01  3.38235002E-03  1.90000000E+01  1.35328870E-01  4.13644864E-03  1.90000000E+01  1.56289817E-01  9.06268564E-03  1.90000000E+01  1.60764735E-01  8.12710940E-03
  1.95000000E+01  4.15472891E-02  1.40556191E-03  1.95000000E+01  4.89721556E-02  1.24592880E-03  1.95000000E+01  5.78823117E-02  3.14408907E-03  1.95000000E+01  7.00151624E-02  2.82999796E-03
  2.00000000E+01  1.23545300E-01  3.31187601E-03  2.00000000E+01  1.28568114E-01  4.26784863E-03  2.00000000E+01  1.27450873E-01  7.83371991E-03  2.00000000E+01  1.45297692E-01  7.36765721E-03
  2.05000000E+01  3.73848375E-01  4.96884152E-03  2.05000000E+01  3.69238259E-01  6.60443021E-03  2.05000000E+01  3.51910568E-01  1.20168652E-02  2.05000000E+01  3.58720083E-01  1.10962682E-02
  2.10000000E+01  6.12947293E-01  3.79880084E-03  2.10000000E+01  5.98780762E-01  3.43299452E-03  2.10000000E+01  5.75834776E-01  8.26752605E-03  2.10000000E+01  5.55973065E-01  6.47331135E-03
  2.15000000E+01  5.43045162E-01  4.57375488E-03  2.15000000E+01  5.36618185E-01  5.71266617E-03  2.15000000E+01  5.39135596E-01  9.44327458E-03  2.15000000E+01  5.20126528E-01  8.73131818E-03
  2.20000000E+01  2.55655152E-01  4.57704475E-03  2.20000000E+01  2.63831175E-01  5.91146623E-03  2.20000000E+01  2.85369788E-01  1.20234467E-02  2.20000000E+01  2.84348613E-01  1.06371509E-02
  2.25000000E+01  6.71559158E-02  2.01183699E-03  2.25000000E+01  7.57199310E-02  2.37487033E-03  2.25000000E+01  8.94487521E-02  5.63729130E-03  2.25000000E+01  9.71863430E-02  5.03036902E-03
  2.30000000E+01  5.24419146E-02  1.73169536E-03  2.30000000E+01  5.83154865E-02  1.98916340E-03  2.30000000E+01  6.21932159E-02  3.89557957E-03  2.30000000E+01  7.58959265E-02  3.61821442E-03
  2.35000000E+01  2.05444821E-01  4.02612315E-03  2.35000000E+01  2.08260546E-01  5.33374789E-03  2.35000000E+01  2.01373545E-01  9.67057486E-03  2.35000000E+01  2.15371785E-01  9.14635393E-03
  2.40000000E+01  4.94870210E-01  4.44592269E-03  2.40000000E+01  4.87254782E-01  5.54140836E-03  2.40000000E+01  4.64730907E-01  1.10047679E-02  2.40000000E+01  4.57837381E-01  9.62849862E-03
  2.45000000E+01  6.35759209E-01  3.38450194E-03  2.45000000E+01  6.23252264E-01  3.15834340E-03  2.45000000E+01  6.10380683E-01  5.97063225E-03  2.45000000E+01  5.89134596E-01  5.00131872E-03
  2.50000000E+01  4.31503213E-01  4.77886746E-03  2.50000000E+01  4.31978306E-01  6.26304640E-03  2.50000000E+01  4.46691804E-01  1.16331691E-02  2.50000000E+01  4.39030603E-01  1.05078625E-02
  2.55000000E+01  1.53470946E-01  3.29107696E-03  2.55000000E+01  1.61525045E-01  4.18742730E-03  2.55000000E+01  1.80297518E-01  9.08832160E-03  2.55000000E+01  1.84287112E-01  8.25214221E-03
  2.60000000E+01  4.05395862E-02  1.23677967E-03  2.60000000E+01  4.55779485E-02  1.16979190E-03  2.60000000E+01  5.31901443E-02  2.71491733E-03  2.60000000E+01  6.17188798E-02  2.49933116E-03
  2.65000000E+01  9.11194068E-02  2.49715364E-03  2.65000000E+01  9.47961159E-02  3.10456517E-03  2.65000000E+01  9.33436988E-02  5.75617569E-03  2.65000000E+01  1.08684920E-01  5.60318693E-03
  2.70000000E+01  3.16042092E-01  4.29508722E-03  2.70000000E+01  3.15389470E-01  5.66326570E-03  2.70000000E+01  3.01777218E-01  1.06396184E-02  2.70000000E+01  3.08802258E-01  9.94799733E-03
  2.75000000E+01  5.96253617E-01  3.44078690E-03  2.75000000E+01  5.87067438E-01  3.53052192E-03  2.75000000E+01  5.68720034E-01  8.08523730E-03  2.75000000E+01  5.49813451E-01  6.80957732E-03
  2.80000000E+01  5.92236916E-01  4.03276760E-03  2.80000000E+01  5.85355430E-01  4.49659188E-03  2.80000000E+01  5.85607818E-01  7.77834368E-03  2.80000000E+01  5.69563280E-01  7.40533829E-03
  2.85000000E+01  3.04130981E-01  4.07603021E-03  2.85000000E+01  3.08854257E-01  5.45297715E-03  2.85000000E+01  3.27234939E-01  1.11305311E-02  2.85000000E+01  3.28255028E-01  9.97021215E-03
  2.90000000E+01  8.13242838E-02  2.00740939E-03  2.90000000E+01  8.73772573E-02  2.42316242E-03  2.90000000E+01  9.93904641E-02  5.36005948E-03  2.90000000E+01  1.05150246E-01  5.13290641E-03
  2.95000000E+01  3.91643710E-02  1.21812896E-03  2.95000000E+01  4.23658322E-02  1.22924340E-03  2.95000000E+01  4.45357585E-02  2.24954155E-03  2.95000000E+01  5.54082045E-02  2.37414926E-03
  3.00000000E+01  1.57564823E-01  3.22511216E-03  3.00000000E+01  1.60017498E-01  4.04077301E-03  3.00000000E+01  1.54117780E-01  7.44293987E-03  3.00000000E+01  1.68980341E-01  7.23855258E-03
  3.05000000E+01  4.42096299E-01  3.90759394E-03  3.05000000E+01  4.39832708E-01  5.01336610E-03  3.05000000E+01  4.23663431E-01  1.03330836E-02  3.05000000E+01  4.19369618E-01  9.01697374E-03
  3.10000000E+01  6.52379750E-01  3.15006877E-03  3.10000000E+01  6.43710264E-01  2.40149838E-03  3.10000000E+01  6.33073862E-01  4.92887519E-03  3.10000000E+01  6.11524402E-01  4.48354053E-03
  3.15000000E+01  4.93204913E-01  4.08800568E-03  3.15000000E+01  4.91463058E-01  5.25524424E-03  3.15000000E+01  5.03245436E-01  1.01720205E-02  3.15000000E+01  4.95289177E-01  9.09321811E-03
  3.20000000E+01  1.86870820E-01  3.01540876E-03  3.20000000E+01  1.91820275E-01  3.90544386E-03  3.20000000E+01  2.07406358E-01  8.32322492E-03  3.20000000E+01  2.11799080E-01  7.84102573E-03
  3.25000000E+01  4.09716256E-02  1.09149676E-03  3.25000000E+01  4.40147394E-02  1.03339518E-03  3.25000000E+01  4.97301734E-02  2.35760001E-03  3.25000000E+01  5.57480937E-02  2.37527837E-03
  3.30000000E+01  6.20344747E-02  1.68722828E-03  3.30000000E+01  6.38799757E-02  1.86972066E-03  3.30000000E+01  6.36556740E-02  3.59548304E-03  3.30000000E+01  7.49466046E-02  3.79944541E-03
  3.35000000E+01  2.55422352E-01  3.49145915E-03  3.35000000E+01  2.56572010E-01  4.42604046E-03  3.35000000E+01  2.46337839E-01  8.72004391E-03  3.35000000E+01  2.55492769E-01  7.94935044E-03
  3.40000000E+01  5.68966718E-01  3.04408697E-03  3.40000000E+01  5.63709803E-01  3.61694336E-03  3.40000000E+01  5.49233747E-01  7.91274774E-03  3.40000000E+01  5.35752111E-01  6.87418572E-03
  3.45000000E+01  6.43668992E-01  3.18034790E-03  3.45000000E+01  6.38074202E-01  3.15326959E-03  3.45000000E+01  6.39317208E-01  5.94076172E-03  3.45000000E+01  6.21974754E-01  5.20895991E-03
  3.50000000E+01  3.58964250E-01  3.55790011E-03  3.50000000E+01  3.61721321E-01  4.79895176E-03  3.50000000E+01  3.75143724E-01  9.74899896E-03  3.50000000E+01  3.76776147E-01  9.10999308E-03
  3.55000000E+01  9.58353097E-02  1.80672496E-03  3.55000000E+01  9.96981832E-02  2.19789219E-03  3.55000000E+01  1.08455998E-01  4.67578749E-03  3.55000000E+01  1.13166243E-01  4.73528710E-03
  3.60000000E+01  2.77730893E-02  7.87511027E-04  3.60000000E+01  2.91636884E-02  5.82693092E-04  3.60000000E+01  3.11994799E-02  1.15013077E-03  3.60000000E+01  3.66898258E-02  1.34288898E-03
  3.65000000E+01  1.11779396E-01  2.25798630E-03  3.65000000E+01  1.12663737E-01  2.46645101E-03  3.65000000E+01  1.09408631E-01  4.93358830E-03  3.65000000E+01  1.19752493E-01  4.78892997E-03
  3.70000000E+01  3.82739886E-01  3.17190618E-03  3.70000000E+01  3.82472896E-01  4.18775843E-03  3.70000000E+01  3.71030959E-01  8.58874490E-03  3.70000000E+01  3.69022226E-01  7.61331682E-03
  3.75000000E+01  6.64536983E-01  2.38500732E-03  3.75000000E+01  6.60033881E-01  1.93964152E-03  3.75000000E+01  6.53133164E-01  3.89461189E-03  3.75000000E+01  6.34093580E-01  3.94347836E-03
  3.80000000E+01  5.61699100E-01  3.20784468E-03  3.80000000E+01  5.60598371E-01  4.01410617E-03  3.80000000E+01  5.67278052E-01  8.03431839E-03  3.80000000E+01  5.64624654E-01  7.23925571E-03
  3.85000000E+01  2.20984219E-01  2.61752844E-03  3.85000000E+01  2.24352823E-01  3.38801296E-03  3.85000000E+01  2.34777033E-01  6.72103966E-03  3.85000000E+01  2.40771409E-01  6.83299936E-03
  3.90000000E+01  4.14479560E-02  8.66838460E-04  3.90000000E+01  4.26444973E-02  8.86842419E-04  3.90000000E+01  4.69799473E-02  1.80925766E-03  3.90000000E+01  4.97622381E-02  1.86097728E-03
  3.95000000E+01  3.72962393E-02  1.02852071E-03  3.95000000E+01  3.78100876E-02  9.23398992E-04  3.95000000E+01  3.78778662E-02  1.76000291E-03  3.95000000E+01  4.34801540E-02  2.05215249E-03
  4.00000000E+01  1.91820710E-01  2.42904805E-03  4.00000000E+01  1.93108749E-01  2.84855267E-03  4.00000000E+01  1.87341331E-01  5.64754685E-03  4.00000000E+01  1.92139994E-01  5.45922075E-03
  4.05000000E+01  5.30372901E-01  2.36612455E-03  4.05000000E+01  5.28228796E-01  3.25258236E-03  4.05000000E+01  5.18536604E-01  6.25256321E-03  4.05000000E+01  5.08011735E-01  6.07765779E-03
  4.10000000E+01  7.01261735E-01  2.38581581E-03  4.10000000E+01  6.98244776E-01  1.89001782E-03  4.10000000E+01  6.98362634E-01  3.67307380E-03  4.10000000E+01  6.89146590E-01  3.18280244E-03
  4.15000000E+01  4.21116183E-01  2.81504332E-03  4.15000000E+01  4.23132667E-01  3.80511125E-03  4.15000000E+01  4.32191022E-01  7.27413510E-03  4.15000000E+01  4.36886313E-01  7.23771598E-03
  4.20000000E+01  1.07355229E-01  1.36936442E-03  4.20000000E+01  1.08623063E-01  1.68039767E-03  4.20000000E+01  1.14292880E-01  3.27375681E-03  4.20000000E+01  1.17389757E-01  3.53024985E-03
  4.25000000E+01  1.71341793E-02  3.77951129E-04  4.25000000E+01  1.74707829E-02  2.23149652E-04  4.25000000E+01  1.85081368E-02  4.51256087E-04  4.25000000E+01  2.06365875E-02  6.17203514E-04
  4.30000000E+01  6.64123112E-02  1.18620982E-03  4.30000000E+01  6.72020219E-02  1.19806500E-03  4.30000000E+01  6.60413766E-02  2.33225590E-03  4.30000000E+01  7.05630110E-02  2.53078692E-03
  4.35000000E+01  3.08498993E-01  2.16831193E-03  4.35000000E+01  3.08404399E-01  2.72796210E-03  4.35000000E+01  3.03884513E-01  5.22022535E-03  4.35000000E+01  3.01235765E-01  5.24914159E-03
  4.40000000E+01  6.76525061E-01  1.63458836E-03  4.40000000E+01  6.74429579E-01  1.55350896E-03  4.40000000E+01  6.70209176E-01  3.17088155E-03  4.40000000E+01  6.59604166E-01  3.30190175E-03
  4.45000000E+01  6.55752075E-01  2.38204019E-03  4.45000000E+01  6.55490890E-01  2.73121856E-03  4.45000000E+01  6.58794877E-01  5.19991460E-03  4.45000000E+01  6.59009311E-01  5.11641113E-03
  4.50000000E+01  2.52755458E-01  1.67885263E-03  4.50000000E+01  2.53726655E-01  2.23371791E-03  4.50000000E+01  2.58967042E-01  4.43588560E-03  4.50000000E+01  2.64142927E-01  4.72420265E-03
  4.55000000E+01  3.30335990E-02  3.81566812E-04  4.55000000E+01  3.34280374E-02  4.09211952E-04  4.55000000E+01  3.45913623E-02  8.41240944E-04  4.55000000E+01  3.62152057E-02  9.19434954E-04
  4.60000000E+01  1.42801538E-02  3.54470238E-04  4.60000000E+01  1.46045001E-02  2.95596177E-04  4.60000000E+01  1.43429305E-02  5.16137738E-04  4.60000000E+01  1.56908157E-02  6.04422905E-04
  4.65000000E+01  1.12223325E-01  1.11523963E-03  4.65000000E+01  1.12980081E-01  1.27171009E-03  4.65000000E+01  1.11238880E-01  2.32477364E-03  4.65000000E+01  1.12634083E-01  2.38054594E-03
  4.70000000E+01  4.48789306E-01  1.46969947E-03  4.70000000E+01  4.48748428E-01  1.86216184E-03  4.70000000E+01  4.45718658E-01  3.59539853E-03  4.70000000E+01  4.41526281E-01  3.79913592E-03
  4.75000000E+01  7.92558281E-01  1.25075097E-03  4.75000000E+01  7.90585234E-01  9.02758722E-04  4.75000000E+01  7.90302583E-01  1.55845870E-03  4.75000000E+01  7.88179213E-01  1.34137399E-03
  4.80000000E+01  5.31749250E-01  1.66523508E-03  4.80000000E+01  5.31922379E-01  2.18528078E-03  4.80000000E+01  5.36191921E-01  4.10868039E-03  4.80000000E+01  5.38246623E-01  4.38563353E-03
  4.85000000E+01  9.80157044E-02  5.47011045E-04  4.85000000E+01  9.87202228E-02  6.32401082E-04  4.85000000E+01  9.98491219E-02  1.25529049E-03  4.85000000E+01  1.01134404E-01  1.33284325E-03
  4.90000000E+01  2.55239313E-03  3.03066292E-05  4.90000000E+01  2.58242860E-03  2.64150710E-05  4.90000000E+01  2.64997898E-03  4.94026117E-05  4.90000000E+01  2.64934401E-03  5.14977739E-05
  4.95000000E+01  4.40836775E-06  4.97272128E-07  4.95000000E+01  3.48513723E-06  2.72949022E-07  4.95000000E+01  3.00437128E-06  4.33099243E-07  4.95000000E+01  3.74386226E-06  4.99449867E-07
  5.00000000E+01  3.30333655E-06  4.14694481E-07  5.00000000E+01  3.24971127E-06  2.71898453E-07  5.00000000E+01  3.32267646E-06  5.89488942E-07  5.00000000E+01  1.99600889E-06  2.24980085E-07
  5.05000000E+01  2.59492631E-03  2.56998391E-05  5.05000000E+01  2.60965416E-03  2.70825602E-05  5.05000000E+01  2.59698459E-03  6.39833092E-05  5.05000000E+01  2.58032675E-03  5.32589027E-05
  5.10000000E+01  9.87295358E-02  5.63672848E-04  5.10000000E+01  9.94490305E-02  6.83258909E-04  5.10000000E+01  9.76028393E-02  1.60903218E-03  5.10000000E+01  9.89449016E-02  1.42960950E-03
  5.15000000E+01  5.32598510E-01  1.75569848E-03  5.15000000E+01  5.33243498E-01  2.33307094E-03  5.15000000E+01  5.24014047E-01  4.99534713E-03  5.15000000E+01  5.27736044E-01  4.76588636E-03
  5.20000000E+01  7.91942075E-01  1.03884012E-03  5.20000000E+01  7.89074699E-01  9.46706641E-04  5.20000000E+01  7.85738534E-01  1.64959588E-03  5.20000000E+01  7.80379395E-01  1.89807384E-03
  5.25000000E+01  4.48402691E-01  1.51157844E-03  5.25000000E+01  4.48063042E-01  2.01608790E-03  5.25000000E+01  4.54726284E-01  4.29216470E-03  5.25000000E+01  4.51693795E-01  4.02562641E-03
  5.30000000E+01  1.11917695E-01  1.12356940E-03  5.30000000E+01  1.13055050E-01  1.33737995E-03  5.30000000E+01  1.19020397E-01  2.80892351E-03  5.30000000E+01  1.20927738E-01  2.88874526E-03
  5.35000000E+01  1.41288047E-02  2.95851625E-04  5.35000000E+01  1.47282131E-02  3.30592359E-04  5.35000000E+01  1.63509948E-02  6.67332443E-04  5.35000000E+01  1.75212861E-02  7.83591127E-04
  5.40000000E+01  3.36321215E-02  4.41993621E-04  5.40000000E+01  3.44268098E-02  4.64869568E-04  5.40000000E+01  3.39086743E-02  9.84698626E-04  5.40000000E+01  3.52241666E-02  9.25303957E-04
  5.45000000E+01  2.54637538E-01  1.87997481E-03  5.45000000E+01  2.56178501E-01  2.39100857E-03  5.45000000E+01  2.49629123E-01  5.14299995E-03  5.45000000E+01  2.54101024E-01  4.74814001E-03
  5.50000000E+01  6.55961961E-01  2.33154030E-03  5.50000000E+01  6.54703540E-01  2.90589315E-03  5.50000000E+01  6.41650369E-01  6.11514135E-03  5.50000000E+01  6.40270508E-01  5.99830144E-03
  5.55000000E+01  6.75037773E-01  1.78691980E-03  5.55000000E+01  6.72061671E-01  1.60940828E-03  5.55000000E+01  6.72051014E-01  3.18015481E-03  5.55000000E+01  6.60813601E-01  2.72721079E-03
  5.60000000E+01  3.08126094E-01  2.28816482E-03  5.60000000E+01  3.07436881E-01  2.96467554E-03  5.60000000E+01  3.19548848E-01  6.32870977E-03  5.60000000E+01  3.18892575E-01  5.89586447E-03
  5.65000000E+01  6.57281628E-02  1.13828053E-03  5.65000000E+01  6.76060589E-02  1.34011258E-03  5.65000000E+01  7.41772077E-02  2.83379233E-03  5.65000000E+01  7.95069779E-02  3.34801662E-03
  5.70000000E+01  1.68698937E-02  3.92814086E-04  5.70000000E+01  1.79815778E-02  2.62361527E-04  5.70000000E+01  1.95016122E-02  4.88104770E-04  5.70000000E+01  2.22588390E-02  8.27393766E-04
  5.75000000E+01  1.07701686E-01  1.50751369E-03  5.75000000E+01  1.10510866E-01  1.76775068E-03  5.75000000E+01  1.07687016E-01  3.79514111E-03  5.75000000E+01  1.13915168E-01  3.40454747E-03
  5.80000000E+01  4.22851141E-01  3.09318569E-03  5.80000000E+01  4.25726597E-01  3.93055370E-03  5.80000000E+01  4.11931445E-01  8.32168058E-03  5.80000000E+01  4.18693737E-01  7.73009012E-03
  5.85000000E+01  7.04105421E-01  2.18035076E-03  5.85000000E+01  6.97830467E-01  1.97815721E-03  5.85000000E+01  6.84352619E-01  4.10009656E-03  5.85000000E+01  6.71565010E-01  4.89800774E-03
  5.90000000E+01  5.30112965E-01  2.95115619E-03  5.90000000E+01  5.24508908E-01  3.38397477E-03  5.90000000E+01  5.32462287E-01  7.02866248E-03  5.90000000E+01  5.18997873E-01  5.79255207E-03
  5.95000000E+01  1.89296560E-01  2.42518431E-03  5.95000000E+01  1.92107529E-01  3.02093985E-03  5.95000000E+01  2.06745436E-01  6.57256774E-03  5.95000000E+01  2.10572393E-01  6.69687353E-03
  6.00000000E+01  3.54651258E-02  9.09027049E-04  6.00000000E+01  3.81127676E-02  9.62430757E-04  6.00000000E+01  4.47605737E-02  2.17130372E-03  6.00000000E+01  5.18784659E-02  3.03644763E-03
  6.05000000E+01  4.04196108E-02  8.68483149E-04  6.05000000E+01  4.37731289E-02  9.46924284E-04  6.05000000E+01  4.44610715E-02  1.94952020E-03  6.05000000E+01  5.02988778E-02  1.71401938E-03
  6.10000000E+01  2.21698282E-01  2.85588837E-03  6.10000000E+01  2.26428941E-01  3.58162767E-03  6.10000000E+01  2.19655701E-01  7.48595283E-03  6.10000000E+01  2.30383179E-01  6.55978793E-03
  6.15000000E+01  5.67418086E-01  3.50790978E-03  6.15000000E+01  5.62131539E-01  4.18210334E-03  6.15000000E+01  5.42872219E-01  8.93471259E-03  6.15000000E+01  5.43013533E-01  8.62801341E-03
  6.20000000E+01  6.68417220E-01  2.59341769E-03  6.20000000E+01  6.58709868E-01  2.19822441E-03  6.20000000E+01  6.48958721E-01  4.04303284E-03  6.20000000E+01  6.27881108E-01  3.57770148E-03
  6.25000000E+01  3.79039994E-01  3.55039894E-03  6.25000000E+01  3.79472782E-01  4.41384640E-03  6.25000000E+01  3.93829370E-01  9.21585277E-03  6.25000000E+01  3.84888808E-01  8.11837975E-03
  6.30000000E+01  1.07376950E-01  2.07555893E-03  6.30000000E+01  1.12080679E-01  2.51334508E-03  6.30000000E+01  1.27926208E-01  5.82004819E-03  6.30000000E+01  1.35943444E-01  6.30969020E-03
  6.35000000E+01  2.59661186E-02  6.68333560E-04  6.35000000E+01  2.98349962E-02  5.85831442E-04  6.35000000E+01  3.55035742E-02  1.40065232E-03  6.35000000E+01  4.33940689E-02  2.30276349E-03
  6.40000000E+01  9.48929507E-02  1.90280330E-03  6.40000000E+01  1.01237348E-01  2.33908464E-03  6.40000000E+01  1.00984909E-01  4.93463996E-03  6.40000000E+01  1.11616530E-01  4.16276593E-03
  6.45000000E+01  3.63894681E-01  4.10149307E-03  6.45000000E+01  3.63606450E-01  4.92454257E-03  6.45000000E+01  3.51798905E-01  1.05256186E-02  6.45000000E+01  3.60916324E-01  9.17248180E-03
  6.50000000E+01  6.54442536E-01  2.98892529E-03  6.50000000E+01  6.38771991E-01  3.08374782E-03  6.50000000E+01  6.15569623E-01  7.16202123E-03  6.50000000E+01  6.02774911E-01  7.08303031E-03
  6.55000000E+01  5.67499751E-01  3.59318095E-03  6.55000000E+01  5.61060041E-01  3.90139975E-03  6.55000000E+01  5.58847286E-01  7.57252158E-03  6.55000000E+01  5.37409865E-01  5.74335213E-03
  6.60000000E+01  2.47126611E-01  3.57525237E-03  6.60000000E+01  2.53984820E-01  4.47301404E-03  6.60000000E+01  2.73947266E-01  9.84075654E-03  6.60000000E+01  2.73860754E-01  9.02343848E-03
  6.65000000E+01  5.77719477E-02  1.45216529E-03  6.65000000E+01  6.43596287E-02  1.82427889E-03  6.65000000E+01  7.88888977E-02  4.63789348E-03  6.65000000E+01  8.83810782E-02  5.18782585E-03
  6.70000000E+01  3.94089748E-02  1.02449282E-03  6.70000000E+01  4.52057888E-02  1.08306900E-03  6.70000000E+01  5.00273371E-02  2.36991135E-03  6.70000000E+01  5.93567016E-02  2.25596936E-03
  6.75000000E+01  1.88294185E-01  3.38730076E-03  6.75000000E+01  1.93480966E-01  4.07362766E-03  6.75000000E+01  1.91714968E-01  8.87805282E-03  6.75000000E+01  2.03081963E-01  7.01055458E-03
  6.80000000E+01  5.04448160E-01  4.37267543E-03  6.80000000E+01  4.94566106E-01  5.37217724E-03  6.80000000E+01  4.73246853E-01  1.14457651E-02  6.80000000E+01  4.75454558E-01  1.03481093E-02
  6.85000000E+01  6.59142630E-01  2.71274390E-03  6.85000000E+01  6.42159518E-01  2.36208742E-03  6.85000000E+01  6.20780521E-01  5.16632834E-03  6.85000000E+01  5.99498194E-01  4.81250579E-03
  6.90000000E+01  4.35114126E-01  4.44079133E-03  6.90000000E+01  4.35855402E-01  5.31953123E-03  6.90000000E+01  4.45286635E-01  1.07444293E-02  6.90000000E+01  4.29339159E-01  8.96869822E-03
  6.95000000E+01  1.49126767E-01  3.04376317E-03  6.95000000E+01  1.59201950E-01  3.92965587E-03  6.95000000E+01  1.80917552E-01  9.00603188E-03  6.95000000E+01  1.87554933E-01  8.58044544E-03
  7.00000000E+01  3.63033953E-02  1.03890958E-03  7.00000000E+01  4.31998415E-02  1.14741758E-03  7.00000000E+01  5.46090146E-02  3.04446178E-03  7.00000000E+01  6.60953165E-02  3.78636009E-03
  7.05000000E+01  8.28849942E-02  2.21054575E-03  7.05000000E+01  8.85830451E-02  2.45006423E-03  7.05000000E+01  9.37756755E-02  5.48550570E-03  7.05000000E+01  1.04772437E-01  4.31894097E-03
  7.10000000E+01  3.13163556E-01  4.66554038E-03  7.10000000E+01  3.13006409E-01  5.67567982E-03  7.10000000E+01  3.01853585E-01  1.17208692E-02  7.10000000E+01  3.13975814E-01  9.90863086E-03
  7.15000000E+01  6.04245754E-01  3.80716260E-03  7.15000000E+01  5.87389211E-01  4.49056271E-03  7.15000000E+01  5.57408829E-01  9.57412632E-03  7.15000000E+01  5.50081877E-01  9.53828670E-03
  7.20000000E+01  5.94215721E-01  3.95570001E-03  7.20000000E+01  5.81141061E-01  3.91840613E-03  7.20000000E+01  5.72174551E-01  7.28648123E-03  7.20000000E+01  5.45182810E-01  5.43791880E-03
  7.25000000E+01  3.03496443E-01  4.61911890E-03  7.25000000E+01  3.11963052E-01  5.73113679E-03  7.25000000E+01  3.31949221E-01  1.20208884E-02  7.25000000E+01  3.24457340E-01  1.06483610E-02
  7.30000000E+01  8.39875509E-02  2.34421934E-03  7.30000000E+01  9.55673355E-02  2.98315317E-03  7.30000000E+01  1.14800101E-01  7.18220665E-03  7.30000000E+01  1.26516064E-01  7.49429169E-03
  7.35000000E+01  3.98785037E-02  1.23967038E-03  7.35000000E+01  4.61765389E-02  1.15853707E-03  7.35000000E+01  5.60464393E-02  2.71656319E-03  7.35000000E+01  6.83790113E-02  2.99367513E-03
  7.40000000E+01  1.60094186E-01  3.65044025E-03  7.40000000E+01  1.64880808E-01  4.34049831E-03  7.40000000E+01  1.64753045E-01  8.79772351E-03  7.40000000E+01  1.80054699E-01  7.30427434E-03
  7.45000000E+01  4.46778934E-01  5.18503584E-03  7.45000000E+01  4.38167675E-01  6.25842808E-03  7.45000000E+01  4.16046449E-01  1.27006089E-02  7.45000000E+01  4.23081609E-01  1.14893488E-02
  7.50000000E+01  6.41345333E-01  3.39736535E-03  7.50000000E+01  6.20669177E-01  3.02842259E-03  7.50000000E+01  5.93766040E-01  6.90687346E-03  7.50000000E+01  5.72911589E-01  6.74622906E-03
  7.55000000E+01  4.83418049E-01  5.12072881E-03  7.55000000E+01  4.80156984E-01  5.59429816E-03  7.55000000E+01  4.83547951E-01  1.07639183E-02  7.55000000E+01  4.61800268E-01  8.67571634E-03
  7.60000000E+01  1.92875185E-01  4.15095961E-03  7.60000000E+01  2.07052002E-01  5.16825862E-03  7.60000000E+01  2.31161349E-01  1.15933178E-02  7.60000000E+01  2.32482222E-01  1.05618750E-02
  7.65000000E+01  4.93919436E-02  1.59529054E-03  7.65000000E+01  5.92667941E-02  1.94304367E-03  7.65000000E+01  7.59811774E-02  4.79748286E-03  7.65000000E+01  8.79748567E-02  5.41938362E-03
  7.70000000E+01  7.08753071E-02  2.28266209E-03  7.70000000E+01  7.70820369E-02  2.47507318E-03  7.70000000E+01  8.47235458E-02  4.99580651E-03  7.70000000E+01  9.94524868E-02  4.23991845E-03
  7.75000000E+01  2.67779517E-01  5.06201004E-03  7.75000000E+01  2.68864117E-01  6.02219763E-03  7.75000000E+01  2.61113369E-01  1.17539539E-02  7.75000000E+01  2.78423437E-01  1.01244108E-02
  7.80000000E+01  5.58709890E-01  4.72586945E-03  7.80000000E+01  5.40069269E-01  5.45313342E-03  7.80000000E+01  5.10216328E-01  1.17885269E-02  7.80000000E+01  5.06652849E-01  1.10302690E-02
  7.85000000E+01  6.11350625E-01  4.29835846E-03  7.85000000E+01  5.92829887E-01  3.69791441E-03  7.85000000E+01  5.73903766E-01  6.80275234E-03  7.85000000E+01  5.46580996E-01  5.40204232E-03
  7.90000000E+01  3.55987199E-01  5.55015741E-03  7.90000000E+01  3.64157160E-01  6.33799989E-03  7.90000000E+01  3.79704433E-01  1.31725979E-02  7.90000000E+01  3.64602581E-01  1.09270284E-02
  7.95000000E+01  1.13040782E-01  3.16294834E-03  7.95000000E+01  1.28873790E-01  4.14851153E-03  7.95000000E+01  1.53035277E-01  9.56311358E-03  7.95000000E+01  1.59389845E-01  9.15626022E-03
  8.00000000E+01  4.12827714E-02  1.40719434E-03  8.00000000E+01  4.96834406E-02  1.34203853E-03  8.00000000E+01  6.35299083E-02  3.14217595E-03  8.00000000E+01  7.76119456E-02  3.75412475E-03
  8.05000000E+01  1.32320298E-01  3.81588722E-03  8.05000000E+01  1.38479837E-01  4.23926353E-03  8.05000000E+01  1.41319247E-01  8.25080123E-03  8.05000000E+01  1.62127960E-01  7.27597728E-03
  8.10000000E+01  3.93830507E-01  5.80375021E-03  8.10000000E+01  3.86830076E-01  6.73294710E-03  8.10000000E+01  3.68086674E-01  1.36024327E-02  8.10000000E+01  3.80161801E-01  1.19061973E-02
  8.15000000E+01  6.23409241E-01  4.02172843E-03  8.15000000E+01  5.96848448E-01  3.94485848E-03  8.15000000E+01  5.66112714E-01  9.16250303E-03  8.15000000E+01  5.46778515E-01  8.44027085E-03
  8.20000000E+01  5.25133316E-01  5.58032262E-03  8.20000000E+01  5.15779496E-01  5.40069752E-03  8.20000000E+01  5.10887047E-01  1.02450093E-02  8.20000000E+01  4.84113470E-01  7.93737350E-03
  8.25000000E+01  2.37043240E-01  4.95533032E-03  8.25000000E+01  2.54575922E-01  6.16055523E-03  8.25000000E+01  2.77772604E-01  1.34951996E-02  8.25000000E+01  2.72759006E-01  1.14612949E-02
  8.30000000E+01  6.37511741E-02  2.19405261E-03  8.30000000E+01  7.86813073E-02  2.88231747E-03  8.30000000E+01  9.97579558E-02  6.74602947E-03  8.30000000E+01  1.09926094E-01  7.09320130E-03
  8.35000000E+01  5.91713594E-02  2.26004310E-03  8.35000000E+01  6.74166676E-02  2.20405536E-03  8.35000000E+01  7.85559119E-02  4.37944960E-03  8.35000000E+01  9.54017502E-02  4.28006234E-03
  8.40000000E+01  2.25738750E-01  5.41915106E-03  8.40000000E+01  2.28484613E-01  5.94314837E-03  8.40000000E+01  2.25464068E-01  1.16175428E-02  8.40000000E+01  2.44924046E-01  1.01786507E-02
  8.45000000E+01  5.12742574E-01  5.34236548E-03  8.45000000E+01  4.93938289E-01  6.32990635E-03  8.45000000E+01  4.68626753E-01  1.33563482E-02  8.45000000E+01  4.65916828E-01  1.17949332E-02
  8.50000000E+01  6.23502581E-01  4.72681191E-03  8.50000000E+01  5.97213202E-01  3.60507524E-03  8.50000000E+01  5.72478624E-01  6.94595517E-03  8.50000000E+01  5.45550370E-01  6.50613524E-03
  8.55000000E+01  4.06614860E-01  5.99942051E-03  8.55000000E+01  4.12551675E-01  6.71065226E-03  8.55000000E+01  4.17891346E-01  1.33013771E-02  8.55000000E+01  4.01625339E-01  1.07741969E-02
  8.60000000E+01  1.44599370E-01  4.02021657E-03  8.60000000E+01  1.65182172E-01  5.28722348E-03  8.60000000E+01  1.89477919E-01  1.15523969E-02  8.60000000E+01  1.93410982E-01  1.06292167E-02
  8.65000000E+01  4.43750593E-02  1.66265206E-03  8.65000000E+01  5.59469014E-02  1.76933673E-03  8.65000000E+01  7.34822206E-02  4.22660233E-03  8.65000000E+01  8.69305485E-02  4.75717785E-03
  8.70000000E+01  1.07700857E-01  3.80261508E-03  8.70000000E+01  1.14598248E-01  3.89186560E-03  8.70000000E+01  1.23151330E-01  7.73869743E-03  8.70000000E+01  1.42763848E-01  6.79778106E-03
  8.75000000E+01  3.42309610E-01  6.10502606E-03  8.75000000E+01  3.36028475E-01  7.02848036E-03  8.75000000E+01  3.25920419E-01  1.39605723E-02  8.75000000E+01  3.39606654E-01  1.20582919E-02
  8.80000000E+01  5.96310788E-01  4.71282655E-03  8.80000000E+01  5.68642458E-01  5.08725886E-03  8.80000000E+01  5.37206831E-01  1.06023639E-02  8.80000000E+01  5.21769910E-01  9.97153721E-03
  8.85000000E+01  5.60713305E-01  5.72852670E-03  8.85000000E+01  5.47142785E-01  5.09257503E-03  8.85000000E+01  5.29844801E-01  9.55451702E-03  8.85000000E+01  5.03861011E-01  7.78745729E-03
  8.90000000E+01  2.85881434E-01  5.69849968E-03  8.90000000E+01  3.02660217E-01  6.99251432E-03  8.90000000E+01  3.20254883E-01  1.42098189E-02  8.90000000E+01  3.11889354E-01  1.19621553E-02
  8.95000000E+01  8.37620955E-02  2.84183419E-03  8.95000000E+01  1.01670899E-01  3.80364199E-03  8.95000000E+01  1.25098804E-01  8.66467605E-03  8.95000000E+01  1.33683648E-01  8.46441922E-03
  9.00000000E+01  5.22190529E-02  2.11701974E-03  9.00000000E+01  6.15239770E-02  1.97631720E-03  9.00000000E+01  7.51336845E-02  4.15367976E-03  9.00000000E+01  9.27649539E-02  4.29251191E-03
  9.05000000E+01  1.87406313E-01  5.25742945E-03  9.05000000E+01  1.89852773E-01  5.61754735E-03  9.05000000E+01  1.93605515E-01  1.12061384E-02  9.05000000E+01  2.14225980E-01  9.69373701E-03
  9.10000000E+01  4.61899924E-01  5.82300737E-03  9.10000000E+01  4.45294343E-01  7.02537358E-03  9.10000000E+01  4.25653204E-01  1.40547045E-02  9.10000000E+01  4.26625844E-01  1.24900338E-02
  9.15000000E+01  6.21967858E-01  4.52424297E-03  9.15000000E+01  5.96405634E-01  3.90638618E-03  9.15000000E+01  5.64657868E-01  7.73556948E-03  9.15000000E+01  5.39923201E-01  7.94689270E-03
  9.20000000E+01  4.56507291E-01  6.24941859E-03  9.20000000E+01  4.57570185E-01  6.69498593E-03  9.20000000E+01  4.56705390E-01  1.28695320E-02  9.20000000E+01  4.35824104E-01  1.05359592E-02
  9.25000000E+01  1.84309379E-01  4.75111436E-03  9.25000000E+01  2.04716337E-01  6.15928746E-03  9.25000000E+01  2.27364810E-01  1.26310430E-02  9.25000000E+01  2.27446303E-01  1.14959014E-02
  9.30000000E+01  5.26961952E-02  1.96967374E-03  9.30000000E+01  6.63963348E-02  2.34895981E-03  9.30000000E+01  8.45744766E-02  5.57915800E-03  9.30000000E+01  9.83060372E-02  5.90338744E-03
  9.35000000E+01  8.75974199E-02  3.23918261E-03  9.35000000E+01  9.45736326E-02  3.43476410E-03  9.35000000E+01  1.04891444E-01  6.74731657E-03  9.35000000E+01  1.26774246E-01  6.46092197E-03
  9.40000000E+01  2.92328713E-01  6.02575826E-03  9.40000000E+01  2.89094454E-01  6.89989039E-03  9.40000000E+01  2.83321967E-01  1.37103963E-02  9.40000000E+01  2.99746145E-01  1.19790782E-02
  9.45000000E+01  5.60534529E-01  4.85773745E-03  9.45000000E+01  5.37583332E-01  5.96779053E-03  9.45000000E+01  5.05111978E-01  1.18482116E-02  9.45000000E+01  4.93212512E-01  1.10770813E-02
  9.50000000E+01  5.88050426E-01  5.22647603E-03  9.50000000E+01  5.68173261E-01  4.52002126E-03  9.50000000E+01  5.48687405E-01  8.56964824E-03  9.50000000E+01  5.21180956E-01  8.01840218E-03
  9.55000000E+01  3.37192725E-01  6.06188218E-03  9.55000000E+01  3.49540625E-01  7.38010142E-03  9.55000000E+01  3.64880426E-01  1.42540583E-02  9.55000000E+01  3.51295632E-01  1.21240816E-02
  9.60000000E+01  1.09287038E-01  3.56758651E-03  9.60000000E+01  1.29111167E-01  4.65966774E-03  9.60000000E+01  1.51685198E-01  1.00366182E-02  9.60000000E+01  1.57717360E-01  9.52098984E-03
  9.65000000E+01  4.79154305E-02  1.78782776E-03  9.65000000E+01  5.92944463E-02  1.80221601E-03  9.65000000E+01  7.29319412E-02  3.94733318E-03  9.65000000E+01  9.14378210E-02  4.63637337E-03
  9.70000000E+01  1.51609205E-01  4.52010047E-03  9.70000000E+01  1.57911188E-01  5.19558915E-03  9.70000000E+01  1.61802914E-01  1.03719182E-02  9.70000000E+01  1.85378365E-01  9.39154522E-03
  9.75000000E+01  4.10988511E-01  6.27800583E-03  9.75000000E+01  3.99656465E-01  7.27629043E-03  9.75000000E+01  3.79776436E-01  1.45457308E-02  9.75000000E+01  3.86387280E-01  1.25121802E-02
  9.80000000E+01  6.15078844E-01  4.09435161E-03  9.80000000E+01  5.85738645E-01  4.31354049E-03  9.80000000E+01  5.53735304E-01  8.37196118E-03  9.80000000E+01  5.31896754E-01  9.17873767E-03
  9.85000000E+01  5.03121079E-01  6.21560212E-03  9.85000000E+01  4.95909337E-01  6.31017960E-03  9.85000000E+01  4.93880738E-01  1.20494351E-02  9.85000000E+01  4.68485521E-01  9.97393638E-03
  9.90000000E+01  2.25501798E-01  5.30726050E-03  9.90000000E+01  2.45479407E-01  6.82443385E-03  9.90000000E+01  2.68102996E-01  1.34255088E-02  9.90000000E+01  2.63824147E-01  1.20735402E-02
  9.95000000E+01  6.37228685E-02  2.46575487E-03  9.95000000E+01  8.00412448E-02  2.88631593E-03  9.95000000E+01  9.96869009E-02  6.83815370E-03  9.95000000E+01  1.11111905E-01  6.82190375E-03
