#                   T = 0.50                                        T = 1.00                                        T = 1.50                                        T = 2.00                    
#          r [Å]            g(r)           Δg(r)           r [Å]            g(r)           Δg(r)           r [Å]            g(r)           Δg(r)           r [Å]            g(r)           Δg(r)
  0.00000000E+00  0.00000000E+00  0.00000000E+00  0.00000000E+00  0.00000000E+00  0.00000000E+00  0.00000000E+00  0.00000000E+00  0.00000000E+00  0.00000000E+00  0.00000000E+00  0.00000000E+00
  1.00000000E+00  2.38185852E-03  4.63014057E-05  1.00000000E+00  2.29215160E-03  1.96335810E-05  1.00000000E+00  2.28003139E-03  2.85501234E-05  1.00000000E+00  2.28944366E-03  2.06379076E-05
  2.00000000E+00  1.01736516E+00  9.99963068E-04  2.00000000E+00  1.01585366E+00  5.06167777E-04  2.00000000E+00  1.01806992E+00  7.09243555E-04  2.00000000E+00  1.01793943E+00  6.16475666E-04
  3.00000000E+00  1.89784096E+00  1.54227356E-03  3.00000000E+00  1.90024519E+00  7.21759461E-04  3.00000000E+00  1.89740440E+00  9.55329060E-04  3.00000000E+00  1.89707236E+00  8.52923540E-04
  4.00000000E+00  3.87898875E-01  9.31424446E-04  4.00000000E+00  3.87234453E-01  4.53982228E-04  4.00000000E+00  3.87083789E-01  5.77315147E-04  4.00000000E+00  3.87704089E-01  5.20506960E-04
  5.00000000E+00  5.82303177E-01  1.90890723E-03  5.00000000E+00  5.81433088E-01  9.45130614E-04  5.00000000E+00  5.84823022E-01  1.17171908E-03  5.00000000E+00  5.86080533E-01  1.16869311E-03
  6.00000000E+00  1.80734395E+00  1.82986468E-03  6.00000000E+00  1.80876899E+00  8.62523572E-04  6.00000000E+00  1.80753543E+00  1.24457263E-03  6.00000000E+00  1.80454630E+00  9.80649915E-04
  7.00000000E+00  8.38494832E-01  2.40084444E-03  7.00000000E+00  8.38024537E-01  1.18327609E-03  7.00000000E+00  8.34146020E-01  1.55423753E-03  7.00000000E+00  8.35477371E-01  1.43924920E-03
  8.00000000E+00  4.07436089E-01  2.36369627E-03  8.00000000E+00  4.06464857E-01  1.26382076E-03  8.00000000E+00  4.11193822E-01  1.40994811E-03  8.00000000E+00  4.14145767E-01  1.56300295E-03
  9.00000000E+00  1.48547091E+00  2.29685406E-03  9.00000000E+00  1.48651666E+00  1.13135509E-03  9.00000000E+00  1.48812250E+00  1.70154653E-03  9.00000000E+00  1.48417653E+00  1.21795653E-03
  1.00000000E+01  1.23356254E+00  4.25095027E-03  1.00000000E+01  1.23405163E+00  1.99978439E-03  1.00000000E+01  1.22566717E+00  2.49749405E-03  1.00000000E+01  1.22595286E+00  2.43980112E-03
  1.10000000E+01  4.35213333E-01  2.38748867E-03  1.10000000E+01  4.32773777E-01  1.14251299E-03  1.10000000E+01  4.38049013E-01  1.45659869E-03  1.10000000E+01  4.40993744E-01  1.40117611E-03
  1.20000000E+01  1.10215620E+00  3.80057579E-03  1.20000000E+01  1.10423301E+00  1.92089580E-03  1.20000000E+01  1.11115566E+00  2.51874441E-03  1.20000000E+01  1.11022503E+00  2.24441613E-03
  1.30000000E+01  1.47123759E+00  4.80483749E-03  1.30000000E+01  1.47164565E+00  2.37603506E-03  1.30000000E+01  1.45974804E+00  2.75721127E-03  1.30000000E+01  1.45653541E+00  2.92296423E-03
  1.40000000E+01  6.15124201E-01  2.65273788E-03  1.40000000E+01  6.13156379E-01  1.15988989E-03  1.40000000E+01  6.14836196E-01  1.97615102E-03  1.40000000E+01  6.17727788E-01  1.36108232E-03
  1.50000000E+01  7.86390119E-01  5.26167499E-03  1.50000000E+01  7.88344434E-01  2.83869164E-03  1.50000000E+01  7.99602026E-01  3.30454805E-03  1.50000000E+01  8.02767144E-01  3.38054242E-03
  1.60000000E+01  1.50118979E+00  4.25774943E-03  1.60000000E+01  1.50086395E+00  2.05687176E-03  1.60000000E+01  1.49007196E+00  2.48052655E-03  1.60000000E+01  1.48402119E+00  2.41980023E-03
  1.70000000E+01  8.79507590E-01  4.92362041E-03  1.70000000E+01  8.78258587E-01  2.45466632E-03  1.70000000E+01  8.74311677E-01  3.41264974E-03  1.70000000E+01  8.75174775E-01  2.74538718E-03
  1.80000000E+01  6.12075446E-01  5.88766463E-03  1.80000000E+01  6.12182185E-01  3.18586046E-03  1.80000000E+01  6.26132301E-01  3.54114605E-03  1.80000000E+01  6.31906309E-01  3.88556050E-03
  1.90000000E+01  1.34632612E+00  3.93986592E-03  1.90000000E+01  1.35036041E+00  1.62223616E-03  1.90000000E+01  1.34558857E+00  2.52943536E-03  1.90000000E+01  1.34083551E+00  1.95323383E-03
  2.00000000E+01  1.14514248E+00  7.26747884E-03  2.00000000E+01  1.14038375E+00  3.89381896E-03  2.00000000E+01  1.12898564E+00  4.74027512E-03  2.00000000E+01  1.12626588E+00  4.52442178E-03
  2.10000000E+01  5.96054560E-01  5.05720926E-03  2.10000000E+01  5.96330405E-01  2.64607402E-03  2.10000000E+01  6.08712891E-01  3.05349432E-03  2.10000000E+01  6.14571097E-01  3.21601052E-03
  2.20000000E+01  1.09941355E+00  5.60795690E-03  2.20000000E+01  1.10456403E+00  2.83372801E-03  2.20000000E+01  1.10855106E+00  3.74042343E-03  2.20000000E+01  1.10916931E+00  3.36653648E-03
  2.30000000E+01  1.32257884E+00  8.31817557E-03  2.30000000E+01  1.31699251E+00  4.55108147E-03  2.30000000E+01  1.29994163E+00  5.25753342E-03  2.30000000E+01  1.29294229E+00  5.29496943E-03
  2.40000000E+01  7.13296337E-01  3.71537072E-03  2.40000000E+01  7.13724360E-01  1.63751112E-03  2.40000000E+01  7.20738836E-01  2.20647831E-03  2.40000000E+01  7.24296333E-01  2.08028020E-03
  2.50000000E+01  8.59912065E-01  8.26289979E-03  2.50000000E+01  8.65792189E-01  4.43249077E-03  2.50000000E+01  8.79740241E-01  5.37275892E-03  2.50000000E+01  8.85759253E-01  5.19828765E-03
  2.60000000E+01  1.36361440E+00  7.11186639E-03  2.60000000E+01  1.35670417E+00  3.82515243E-03  2.60000000E+01  1.33959645E+00  4.39414684E-03  2.60000000E+01  1.33051827E+00  4.59367750E-03
  2.70000000E+01  9.07721070E-01  5.68257274E-03  2.70000000E+01  9.07706953E-01  2.81634140E-03  2.70000000E+01  9.04749154E-01  3.83373435E-03  2.70000000E+01  9.04964918E-01  3.25779046E-03
  2.80000000E+01  7.10283900E-01  9.41838922E-03  2.80000000E+01  7.17991225E-01  5.17915171E-03  2.80000000E+01  7.37377098E-01  6.05695175E-03  2.80000000E+01  7.46288021E-01  6.19698682E-03
  2.90000000E+01  1.26543139E+00  4.30877724E-03  2.90000000E+01  1.25887095E+00  2.09103679E-03  2.90000000E+01  1.24983193E+00  2.66921745E-03  2.90000000E+01  1.24277912E+00  3.08968261E-03
  3.00000000E+01  1.10826744E+00  9.71562187E-03  3.00000000E+01  1.10519335E+00  5.00261681E-03  3.00000000E+01  1.09121454E+00  6.27896001E-03  3.00000000E+01  1.08857713E+00  5.72119635E-03
  3.10000000E+01  6.88460581E-01  8.43414999E-03  3.10000000E+01  6.97066629E-01  4.44681049E-03  3.10000000E+01  7.15097882E-01  5.24997805E-03  3.10000000E+01  7.22198215E-01  5.67473304E-03
  3.20000000E+01  1.07963206E+00  5.62916311E-03  3.20000000E+01  1.07745155E+00  2.74293464E-03  3.20000000E+01  1.08035692E+00  3.74200928E-03  3.20000000E+01  1.07929362E+00  3.28619226E-03
  3.30000000E+01  1.24618103E+00  1.17103202E-02  3.30000000E+01  1.23894319E+00  6.24895501E-03  3.30000000E+01  1.21874673E+00  7.61031093E-03  3.30000000E+01  1.21233492E+00  7.27606002E-03
  3.40000000E+01  7.83679293E-01  4.91239617E-03  3.40000000E+01  7.89983470E-01  2.42830449E-03  3.40000000E+01  7.99467291E-01  3.08197319E-03  3.40000000E+01  8.03096620E-01  3.57870273E-03
  3.50000000E+01  8.85586766E-01  9.49275268E-03  3.50000000E+01  8.89695654E-01  5.17494166E-03  3.50000000E+01  9.04227520E-01  6.61672141E-03  3.50000000E+01  9.11115307E-01  5.85169149E-03
  3.60000000E+01  1.27684004E+00  1.00155016E-02  3.60000000E+01  1.26823443E+00  5.56873631E-03  3.60000000E+01  1.24933300E+00  6.76457549E-03  3.60000000E+01  1.23979528E+00  6.87022844E-03
  3.70000000E+01  9.46841251E-01  4.46409744E-03  3.70000000E+01  9.47913414E-01  2.10218497E-03  3.70000000E+01  9.44844584E-01  3.21616825E-03  3.70000000E+01  9.43559247E-01  2.64698663E-03
  3.80000000E+01  7.61455124E-01  1.18240855E-02  3.80000000E+01  7.69445532E-01  6.45567446E-03  3.80000000E+01  7.90604259E-01  8.27666029E-03  3.80000000E+01  8.02173536E-01  7.75512249E-03
  3.90000000E+01  1.19523540E+00  5.46836483E-03  3.90000000E+01  1.18861681E+00  2.98171497E-03  3.90000000E+01  1.17830529E+00  3.70946182E-03  3.90000000E+01  1.17045570E+00  4.20457104E-03
  4.00000000E+01  1.11159243E+00  9.87684543E-03  4.00000000E+01  1.10777165E+00  5.11666799E-03  4.00000000E+01  1.09197099E+00  6.71927573E-03  4.00000000E+01  1.08665370E+00  5.76541239E-03
  4.10000000E+01  7.46433995E-01  1.10936170E-02  4.10000000E+01  7.55891277E-01  6.01112549E-03  4.10000000E+01  7.77181470E-01  7.57869845E-03  4.10000000E+01  7.88693868E-01  7.37338450E-03
  4.20000000E+01  1.04058869E+00  3.87171370E-03  4.20000000E+01  1.03875509E+00  1.78016696E-03  4.20000000E+01  1.04053341E+00  2.67278514E-03  4.20000000E+01  1.03782643E+00  2.06299795E-03
  4.30000000E+01  1.21867755E+00  1.36155846E-02  4.30000000E+01  1.20931121E+00  7.05820445E-03  4.30000000E+01  1.18738541E+00  9.14165263E-03  4.30000000E+01  1.17804932E+00  8.27157676E-03
  4.40000000E+01  8.38405446E-01  6.95012361E-03  4.40000000E+01  8.45624397E-01  3.65968857E-03  4.40000000E+01  8.57107633E-01  4.63228081E-03  4.40000000E+01  8.64365213E-01  4.54645316E-03
  4.50000000E+01  8.75586632E-01  9.26434201E-03  4.50000000E+01  8.80988190E-01  4.71623785E-03  4.50000000E+01  8.96197669E-01  6.24084897E-03  4.50000000E+01  9.01052394E-01  5.47659413E-03
  4.60000000E+01  1.23027512E+00  1.30451016E-02  4.60000000E+01  1.21978345E+00  6.80098655E-03  4.60000000E+01  1.19824080E+00  8.66442117E-03  4.60000000E+01  1.18808291E+00  8.10608157E-03
  4.70000000E+01  9.91966033E-01  1.30628289E-03  4.70000000E+01  9.92579447E-01  5.65306364E-04  4.70000000E+01  9.90834446E-01  1.25161919E-03  4.70000000E+01  9.91679744E-01  7.28791151E-04
  4.80000000E+01  7.71901346E-01  1.29784504E-02  4.80000000E+01  7.81161673E-01  6.78367792E-03  4.80000000E+01  8.04725895E-01  8.95939692E-03  4.80000000E+01  8.15062981E-01  7.97603142E-03
  4.90000000E+01  1.14295978E+00  7.91772698E-03  4.90000000E+01  1.13715878E+00  4.16025435E-03  4.90000000E+01  1.12291112E+00  5.42156490E-03  4.90000000E+01  1.11614114E+00  4.91153359E-03
