# PIMCID: 0adf14b9-6edf-4218-af01-82d3956625fc
#              K               V           V_ext           V_int               E            E_mu             K/N             V/N             E/N               N             N^2         density        diagonal
  9.46344148E+02 -2.75460424E+03 -2.61782479E+03 -1.25985463E+02 -1.80826009E+03 -1.59226009E+03  3.15448049E+01 -9.18201413E+01 -6.02753364E+01  3.00000000E+01  9.00000000E+02  1.13546927E-02  7.35257554E-01
  8.79291659E+02 -2.66664086E+03 -2.53433516E+03 -1.22721675E+02 -1.78734920E+03 -1.57854920E+03  3.03204020E+01 -9.19531332E+01 -6.16327312E+01  2.90000000E+01  8.41000000E+02  1.09762030E-02  7.30692523E-01
  9.47001965E+02 -2.75456163E+03 -2.61746889E+03 -1.26528193E+02 -1.80755966E+03 -1.59155966E+03  3.15667322E+01 -9.18187210E+01 -6.02519888E+01  3.00000000E+01  9.00000000E+02  1.13546927E-02  8.02586747E-01
  9.49198738E+02 -2.75443001E+03 -2.61779764E+03 -1.25926390E+02 -1.80523127E+03 -1.58923127E+03  3.16399579E+01 -9.18143337E+01 -6.01743758E+01  3.00000000E+01  9.00000000E+02  1.13546927E-02  7.93987264E-01
  9.47065948E+02 -2.75553793E+03 -2.61827564E+03 -1.26568889E+02 -1.80847198E+03 -1.59247198E+03  3.15688649E+01 -9.18512644E+01 -6.02823995E+01  3.00000000E+01  9.00000000E+02  1.13546927E-02  7.00155201E-01
  9.19997439E+02 -2.71787613E+03 -2.58323887E+03 -1.24520153E+02 -1.79787869E+03 -1.58484385E+03  3.10826639E+01 -9.18577745E+01 -6.07751106E+01  2.95881733E+01  8.75702227E+02  1.11988205E-02  6.87634688E-01
  9.47439174E+02 -2.75503335E+03 -2.61806289E+03 -1.26356649E+02 -1.80759417E+03 -1.59159417E+03  3.15813058E+01 -9.18344448E+01 -6.02531391E+01  3.00000000E+01  9.00000000E+02  1.13546927E-02  7.35532941E-01
  8.89929508E+02 -2.68199446E+03 -2.54869299E+03 -1.23134639E+02 -1.79206495E+03 -1.58199688E+03  3.04954057E+01 -9.19248249E+01 -6.14294192E+01  2.91761213E+01  8.51391159E+02  1.10428631E-02  7.04832429E-01
  9.25650687E+02 -2.72990498E+03 -2.59393256E+03 -1.25432853E+02 -1.80425429E+03 -1.59035610E+03  3.11498442E+01 -9.18918106E+01 -6.07419665E+01  2.97080827E+01  8.82776877E+02  1.12442050E-02  8.12017237E-01
  9.46782440E+02 -2.75432448E+03 -2.61759235E+03 -1.26124013E+02 -1.80754204E+03 -1.59154204E+03  3.15594147E+01 -9.18108159E+01 -6.02514012E+01  3.00000000E+01  9.00000000E+02  1.13546927E-02  7.54416264E-01
  8.75483965E+02 -2.66545175E+03 -2.53338626E+03 -1.22101935E+02 -1.78996779E+03 -1.58116779E+03  3.01891023E+01 -9.19121295E+01 -6.17230272E+01  2.90000000E+01  8.41000000E+02  1.09762030E-02  8.11911744E-01
  9.47189560E+02 -2.75497069E+03 -2.61765159E+03 -1.26552666E+02 -1.80778113E+03 -1.59178113E+03  3.15729853E+01 -9.18323564E+01 -6.02593710E+01  3.00000000E+01  9.00000000E+02  1.13546927E-02  7.35971974E-01
  9.07175520E+02 -2.70376164E+03 -2.56946359E+03 -1.23916913E+02 -1.79658612E+03 -1.58473361E+03  3.08202671E+01 -9.18906128E+01 -6.10703457E+01  2.94239600E+01  8.66013640E+02  1.11366675E-02  7.21754326E-01
  9.46087814E+02 -2.75463212E+03 -2.61784042E+03 -1.26176210E+02 -1.80854431E+03 -1.59254431E+03  3.15362605E+01 -9.18210708E+01 -6.02848103E+01  3.00000000E+01  9.00000000E+02  1.13546927E-02  7.35005335E-01
  9.46171174E+02 -2.75586689E+03 -2.61853331E+03 -1.26594045E+02 -1.80969571E+03 -1.59369571E+03  3.15390391E+01 -9.18622296E+01 -6.03231904E+01  3.00000000E+01  9.00000000E+02  1.13546927E-02  7.32327509E-01
  9.44114676E+02 -2.75470694E+03 -2.61785710E+03 -1.26315831E+02 -1.81059226E+03 -1.59459226E+03  3.14704892E+01 -9.18235645E+01 -6.03530753E+01  3.00000000E+01  9.00000000E+02  1.13546927E-02  8.49814860E-01
  9.11282729E+02 -2.70883054E+03 -2.57393446E+03 -1.24394840E+02 -1.79754781E+03 -1.58522252E+03  3.08892497E+01 -9.18582633E+01 -6.09690136E+01  2.94896240E+01  8.69887816E+02  1.11615206E-02  8.76990325E-01
  8.77615761E+02 -2.66717242E+03 -2.53442956E+03 -1.22700722E+02 -1.78955666E+03 -1.58075666E+03  3.02626124E+01 -9.19714629E+01 -6.17088504E+01  2.90000000E+01  8.41000000E+02  1.09762030E-02  7.66655014E-01
  9.14072488E+02 -2.71225462E+03 -2.57733443E+03 -1.24476951E+02 -1.79818213E+03 -1.58562421E+03  3.09499622E+01 -9.18732484E+01 -6.09232861E+01  2.95219333E+01  8.71794067E+02  1.11737494E-02  7.32239767E-01
  9.46665408E+02 -2.75531991E+03 -2.61828518E+03 -1.26606153E+02 -1.80865450E+03 -1.59265450E+03  3.15555136E+01 -9.18439969E+01 -6.02884833E+01  3.00000000E+01  9.00000000E+02  1.13546927E-02  7.34546526E-01
  9.15116194E+02 -2.71124323E+03 -2.57660745E+03 -1.24539622E+02 -1.79612704E+03 -1.58367109E+03  3.10029852E+01 -9.18831679E+01 -6.08801827E+01  2.95077707E+01  8.70958469E+02  1.11683890E-02  7.43293533E-01
  9.50075587E+02 -2.75539946E+03 -2.61771771E+03 -1.27117102E+02 -1.80532387E+03 -1.58932387E+03  3.16691862E+01 -9.18466486E+01 -6.01774624E+01  3.00000000E+01  9.00000000E+02  1.13546927E-02  7.35851305E-01
  9.44375658E+02 -2.75532706E+03 -2.61841594E+03 -1.26179745E+02 -1.81095140E+03 -1.59495140E+03  3.14791886E+01 -9.18442354E+01 -6.03650468E+01  3.00000000E+01  9.00000000E+02  1.13546927E-02  8.27417841E-01
  9.46478371E+02 -2.75481665E+03 -2.61809136E+03 -1.26071157E+02 -1.80833827E+03 -1.59233827E+03  3.15492790E+01 -9.18272215E+01 -6.02779425E+01  3.00000000E+01  9.00000000E+02  1.13546927E-02  8.18072897E-01
  9.46991153E+02 -2.75517462E+03 -2.61813938E+03 -1.26404004E+02 -1.80818347E+03 -1.59218347E+03  3.15663718E+01 -9.18391541E+01 -6.02727823E+01  3.00000000E+01  9.00000000E+02  1.13546927E-02  7.41651578E-01
  9.48154539E+02 -2.75437821E+03 -2.61781792E+03 -1.26022006E+02 -1.80622367E+03 -1.59022367E+03  3.16051513E+01 -9.18126070E+01 -6.02074557E+01  3.00000000E+01  9.00000000E+02  1.13546927E-02  7.67683276E-01
  9.48877922E+02 -2.75487732E+03 -2.61814931E+03 -1.26217210E+02 -1.80599940E+03 -1.58999940E+03  3.16292641E+01 -9.18292439E+01 -6.01999798E+01  3.00000000E+01  9.00000000E+02  1.13546927E-02  7.35382404E-01
  9.45580098E+02 -2.75454899E+03 -2.61762324E+03 -1.26231960E+02 -1.80896889E+03 -1.59296889E+03  3.15193366E+01 -9.18182996E+01 -6.02989631E+01  3.00000000E+01  9.00000000E+02  1.13546927E-02  1.00000000E+00
  9.48402060E+02 -2.75561883E+03 -2.61876828E+03 -1.26364658E+02 -1.80721677E+03 -1.59121677E+03  3.16134020E+01 -9.18539608E+01 -6.02405588E+01  3.00000000E+01  9.00000000E+02  1.13546927E-02  7.18932390E-01
  9.39232588E+02 -2.74461561E+03 -2.60881525E+03 -1.25367933E+02 -1.80538302E+03 -1.59018063E+03  3.14193609E+01 -9.18265759E+01 -6.04072150E+01  2.98892200E+01  8.93463980E+02  1.13127636E-02  7.32578902E-01
  9.47067602E+02 -2.75510973E+03 -2.61827709E+03 -1.26235105E+02 -1.80804213E+03 -1.59204213E+03  3.15689201E+01 -9.18369909E+01 -6.02680709E+01  3.00000000E+01  9.00000000E+02  1.13546927E-02  7.34433702E-01
  9.36177569E+02 -2.74227948E+03 -2.60603150E+03 -1.25707211E+02 -1.80610191E+03 -1.59109641E+03  3.13451781E+01 -9.18328586E+01 -6.04876805E+01  2.98618747E+01  8.91850605E+02  1.13024137E-02  6.41207026E-01
  9.46729186E+02 -2.75448112E+03 -2.61776826E+03 -1.25970084E+02 -1.80775193E+03 -1.59175193E+03  3.15576395E+01 -9.18160374E+01 -6.02583978E+01  3.00000000E+01  9.00000000E+02  1.13546927E-02  7.32745058E-01
  9.40653530E+02 -2.74675815E+03 -2.61021189E+03 -1.26011964E+02 -1.80610462E+03 -1.59077524E+03  3.14487741E+01 -9.18442740E+01 -6.03954999E+01  2.99068587E+01  8.94504661E+02  1.13194397E-02  7.33971342E-01
  9.39876648E+02 -2.74856719E+03 -2.61217979E+03 -1.25762931E+02 -1.80869054E+03 -1.59317258E+03  3.13962072E+01 -9.18242649E+01 -6.04280577E+01  2.99330507E+01  8.96049989E+02  1.13293531E-02  6.96216840E-01
  9.11547835E+02 -2.70879595E+03 -2.57427796E+03 -1.24233620E+02 -1.79724812E+03 -1.58499344E+03  3.09103681E+01 -9.18872813E+01 -6.09769132E+01  2.94798160E+01  8.69309144E+02  1.11578084E-02  6.99751017E-01
  9.50027437E+02 -2.75573806E+03 -2.61858790E+03 -1.26704166E+02 -1.80571063E+03 -1.58971063E+03  3.16675812E+01 -9.18579354E+01 -6.01903542E+01  3.00000000E+01  9.00000000E+02  1.13546927E-02  7.18998595E-01
  9.46939960E+02 -2.75443385E+03 -2.61755973E+03 -1.26238984E+02 -1.80749388E+03 -1.59149388E+03  3.15646653E+01 -9.18144615E+01 -6.02497962E+01  3.00000000E+01  9.00000000E+02  1.13546927E-02  7.33627715E-01
  9.21891438E+02 -2.72514739E+03 -2.58965648E+03 -1.25113714E+02 -1.80325595E+03 -1.58964734E+03  3.10636406E+01 -9.18562404E+01 -6.07925998E+01  2.96678627E+01  8.80403897E+02  1.12289821E-02  7.32325883E-01
  9.49130448E+02 -2.75484084E+03 -2.61806632E+03 -1.26268754E+02 -1.80571040E+03 -1.58971040E+03  3.16376816E+01 -9.18280282E+01 -6.01903465E+01  3.00000000E+01  9.00000000E+02  1.13546927E-02  8.78566537E-01
  9.49990690E+02 -2.75511986E+03 -2.61836159E+03 -1.26081228E+02 -1.80512917E+03 -1.58912917E+03  3.16663563E+01 -9.18373286E+01 -6.01709723E+01  3.00000000E+01  9.00000000E+02  1.13546927E-02  7.34385266E-01
  9.47482279E+02 -2.75439558E+03 -2.61751405E+03 -1.26083885E+02 -1.80691330E+03 -1.59093099E+03  3.15852283E+01 -9.18207194E+01 -6.02354911E+01  2.99975427E+01  8.99855017E+02  1.13537626E-02  7.34097720E-01
  9.49721771E+02 -2.75494381E+03 -2.61795057E+03 -1.26338194E+02 -1.80522203E+03 -1.58922203E+03  3.16573924E+01 -9.18314602E+01 -6.01740678E+01  3.00000000E+01  9.00000000E+02  1.13546927E-02  7.35545008E-01
  9.47721457E+02 -2.75484124E+03 -2.61792621E+03 -1.26296804E+02 -1.80711979E+03 -1.59111979E+03  3.15907152E+01 -9.18280415E+01 -6.02373263E+01  3.00000000E+01  9.00000000E+02  1.13546927E-02  7.30609753E-01
  9.33182094E+02 -2.73304402E+03 -2.59750145E+03 -1.25126480E+02 -1.79986193E+03 -1.58565663E+03  3.13595683E+01 -9.18658647E+01 -6.05062964E+01  2.97507360E+01  8.85293424E+02  1.12603488E-02  7.33004712E-01
  9.48185400E+02 -2.75515466E+03 -2.61806264E+03 -1.26252837E+02 -1.80696926E+03 -1.59096926E+03  3.16061800E+01 -9.18384885E+01 -6.02323085E+01  3.00000000E+01  9.00000000E+02  1.13546927E-02  7.40925750E-01
  8.77760915E+02 -2.66651472E+03 -2.53422801E+03 -1.22615519E+02 -1.78875380E+03 -1.57995380E+03  3.02676178E+01 -9.19487834E+01 -6.16811656E+01  2.90000000E+01  8.41000000E+02  1.09762030E-02  8.06124943E-01
  9.41017997E+02 -2.74744048E+03 -2.61070088E+03 -1.26045732E+02 -1.80642248E+03 -1.59107050E+03  3.14587187E+01 -9.18572633E+01 -6.03985446E+01  2.99099973E+01  8.94689843E+02  1.13206276E-02  7.74435406E-01
  9.48754030E+02 -2.75507246E+03 -2.61813210E+03 -1.26445653E+02 -1.80631843E+03 -1.59031843E+03  3.16251343E+01 -9.18357488E+01 -6.02106145E+01  3.00000000E+01  9.00000000E+02  1.13546927E-02  7.10113171E-01
  9.48587685E+02 -2.75570060E+03 -2.61840781E+03 -1.26251242E+02 -1.80711291E+03 -1.59111291E+03  3.16195895E+01 -9.18566866E+01 -6.02370971E+01  3.00000000E+01  9.00000000E+02  1.13546927E-02  9.17242565E-01
  8.76346059E+02 -2.66630756E+03 -2.53378449E+03 -1.22658821E+02 -1.78996150E+03 -1.58116150E+03  3.02188296E+01 -9.19416398E+01 -6.17228102E+01  2.90000000E+01  8.41000000E+02  1.09762030E-02  7.95706050E-01
  9.31235119E+02 -2.73447109E+03 -2.59854177E+03 -1.25364591E+02 -1.80323597E+03 -1.58886891E+03  3.12677368E+01 -9.18440175E+01 -6.05762808E+01  2.97732040E+01  8.86619036E+02  1.12688528E-02  7.60087659E-01
  9.49284950E+02 -2.75475961E+03 -2.61784028E+03 -1.26036060E+02 -1.80547466E+03 -1.58947466E+03  3.16428317E+01 -9.18253203E+01 -6.01824886E+01  3.00000000E+01  9.00000000E+02  1.13546927E-02  7.59222397E-01
  8.76668763E+02 -2.66769475E+03 -2.53483959E+03 -1.22920661E+02 -1.79102598E+03 -1.58222598E+03  3.02299573E+01 -9.19894740E+01 -6.17595167E+01  2.90000000E+01  8.41000000E+02  1.09762030E-02  9.99838422E-01
  9.44670485E+02 -2.75492815E+03 -2.61799488E+03 -1.26318809E+02 -1.81025767E+03 -1.59425767E+03  3.14890162E+01 -9.18309384E+01 -6.03419222E+01  3.00000000E+01  9.00000000E+02  1.13546927E-02  7.34405522E-01
  9.48765233E+02 -2.75556922E+03 -2.61891262E+03 -1.26164983E+02 -1.80680399E+03 -1.59080399E+03  3.16255078E+01 -9.18523073E+01 -6.02267995E+01  3.00000000E+01  9.00000000E+02  1.13546927E-02  8.19304403E-01
  9.47733222E+02 -2.75557344E+03 -2.61829324E+03 -1.26586857E+02 -1.80784022E+03 -1.59184022E+03  3.15911074E+01 -9.18524479E+01 -6.02613405E+01  3.00000000E+01  9.00000000E+02  1.13546927E-02  7.51732663E-01
  9.51232671E+02 -2.75501637E+03 -2.61805778E+03 -1.26222608E+02 -1.80378370E+03 -1.58778370E+03  3.17077557E+01 -9.18338789E+01 -6.01261232E+01  3.00000000E+01  9.00000000E+02  1.13546927E-02  8.03617333E-01
  9.46606575E+02 -2.75545781E+03 -2.61815290E+03 -1.26414347E+02 -1.80885124E+03 -1.59285124E+03  3.15535525E+01 -9.18485938E+01 -6.02950413E+01  3.00000000E+01  9.00000000E+02  1.13546927E-02  8.72449965E-01
  9.48266415E+02 -2.75441610E+03 -2.61792747E+03 -1.25671937E+02 -1.80614968E+03 -1.59014968E+03  3.16088805E+01 -9.18138699E+01 -6.02049894E+01  3.00000000E+01  9.00000000E+02  1.13546927E-02  7.11379582E-01
  8.76649269E+02 -2.66550810E+03 -2.53354163E+03 -1.22088228E+02 -1.78885883E+03 -1.58005883E+03  3.02292851E+01 -9.19140725E+01 -6.16847874E+01  2.90000000E+01  8.41000000E+02  1.09762030E-02  8.12333666E-01
  9.46026540E+02 -2.75478737E+03 -2.61805218E+03 -1.26015310E+02 -1.80876083E+03 -1.59276083E+03  3.15342180E+01 -9.18262456E+01 -6.02920276E+01  3.00000000E+01  9.00000000E+02  1.13546927E-02  7.66290732E-01
  9.45302166E+02 -2.75512082E+03 -2.61837254E+03 -1.26210691E+02 -1.80981866E+03 -1.59381866E+03  3.15100722E+01 -9.18373607E+01 -6.03272885E+01  3.00000000E+01  9.00000000E+02  1.13546927E-02  7.36134442E-01
  8.78565035E+02 -2.66672176E+03 -2.53425980E+03 -1.22613496E+02 -1.78815672E+03 -1.57935672E+03  3.02953460E+01 -9.19559227E+01 -6.16605766E+01  2.90000000E+01  8.41000000E+02  1.09762030E-02  6.88176485E-01
  9.45409365E+02 -2.75393045E+03 -2.61685188E+03 -1.26193970E+02 -1.80852108E+03 -1.59252108E+03  3.15136455E+01 -9.17976815E+01 -6.02840360E+01  3.00000000E+01  9.00000000E+02  1.13546927E-02  8.55833544E-01
  9.42625860E+02 -2.74822048E+03 -2.61153777E+03 -1.26003114E+02 -1.80559462E+03 -1.59017268E+03  3.15019743E+01 -9.18534321E+01 -6.03514578E+01  2.99197133E+01  8.95263087E+02  1.13243050E-02  8.47625051E-01
  8.77783461E+02 -2.66913847E+03 -2.53666256E+03 -1.22634329E+02 -1.79135501E+03 -1.58236054E+03  3.02390042E+01 -9.19538389E+01 -6.17148347E+01  2.90270093E+01  8.42593551E+02  1.09864258E-02  7.10952383E-01
  9.46461246E+02 -2.75456542E+03 -2.61760093E+03 -1.26233433E+02 -1.80810417E+03 -1.59210417E+03  3.15487082E+01 -9.18188473E+01 -6.02701391E+01  3.00000000E+01  9.00000000E+02  1.13546927E-02  7.35028179E-01
  9.50406848E+02 -2.75527974E+03 -2.61834951E+03 -1.26067575E+02 -1.80487289E+03 -1.58887289E+03  3.16802283E+01 -9.18426581E+01 -6.01624298E+01  3.00000000E+01  9.00000000E+02  1.13546927E-02  7.32831556E-01
  9.46401243E+02 -2.75424896E+03 -2.61759033E+03 -1.26035210E+02 -1.80784771E+03 -1.59184771E+03  3.15467081E+01 -9.18082986E+01 -6.02615905E+01  3.00000000E+01  9.00000000E+02  1.13546927E-02  9.99973675E-01
  8.75072455E+02 -2.66714266E+03 -2.53444355E+03 -1.22876003E+02 -1.79207021E+03 -1.58327021E+03  3.01749122E+01 -9.19704366E+01 -6.17955244E+01  2.90000000E+01  8.41000000E+02  1.09762030E-02  6.83740429E-01
  9.47060887E+02 -2.75455472E+03 -2.61776480E+03 -1.25988568E+02 -1.80749384E+03 -1.59149384E+03  3.15686962E+01 -9.18184908E+01 -6.02497945E+01  3.00000000E+01  9.00000000E+02  1.13546927E-02  7.34301033E-01
  8.79558737E+02 -2.66676360E+03 -2.53430734E+03 -1.22685712E+02 -1.78720487E+03 -1.57840487E+03  3.03296116E+01 -9.19573656E+01 -6.16277540E+01  2.90000000E+01  8.41000000E+02  1.09762030E-02  8.35603355E-01
  9.52263664E+02 -2.75530843E+03 -2.61839172E+03 -1.26345476E+02 -1.80304476E+03 -1.58704476E+03  3.17421221E+01 -9.18436142E+01 -6.01014921E+01  3.00000000E+01  9.00000000E+02  1.13546927E-02  7.35437195E-01
  9.48591075E+02 -2.75462887E+03 -2.61768729E+03 -1.26128289E+02 -1.80603780E+03 -1.59003780E+03  3.16197025E+01 -9.18209624E+01 -6.02012599E+01  3.00000000E+01  9.00000000E+02  1.13546927E-02  7.06330963E-01
  9.48216428E+02 -2.75508048E+03 -2.61833244E+03 -1.26167319E+02 -1.80686405E+03 -1.59086405E+03  3.16072143E+01 -9.18360158E+01 -6.02288016E+01  3.00000000E+01  9.00000000E+02  1.13546927E-02  8.37217917E-01
  9.50239994E+02 -2.75495705E+03 -2.61798314E+03 -1.26087019E+02 -1.80471706E+03 -1.58871706E+03  3.16746665E+01 -9.18319016E+01 -6.01572352E+01  3.00000000E+01  9.00000000E+02  1.13546927E-02  7.26920104E-01
  9.44116128E+02 -2.75546136E+03 -2.61839927E+03 -1.26504242E+02 -1.81134523E+03 -1.59534523E+03  3.14705376E+01 -9.18487119E+01 -6.03781743E+01  3.00000000E+01  9.00000000E+02  1.13546927E-02  7.77646416E-01
  8.78279994E+02 -2.66613097E+03 -2.53358589E+03 -1.22538700E+02 -1.78785097E+03 -1.57905097E+03  3.02855170E+01 -9.19355506E+01 -6.16500336E+01  2.90000000E+01  8.41000000E+02  1.09762030E-02  9.20704068E-01
  8.78060465E+02 -2.66560573E+03 -2.53364774E+03 -1.22191173E+02 -1.78754526E+03 -1.57874526E+03  3.02779471E+01 -9.19174389E+01 -6.16394918E+01  2.90000000E+01  8.41000000E+02  1.09762030E-02  9.54332514E-01
  9.48147592E+02 -2.75614742E+03 -2.61859746E+03 -1.26865637E+02 -1.80799983E+03 -1.59199983E+03  3.16049197E+01 -9.18715808E+01 -6.02666610E+01  3.00000000E+01  9.00000000E+02  1.13546927E-02  7.36216338E-01
  9.45249424E+02 -2.75416161E+03 -2.61732262E+03 -1.26192488E+02 -1.80891218E+03 -1.59291218E+03  3.15083141E+01 -9.18053868E+01 -6.02970727E+01  3.00000000E+01  9.00000000E+02  1.13546927E-02  9.97175790E-01
  9.45598152E+02 -2.75532363E+03 -2.61775513E+03 -1.26874859E+02 -1.80972548E+03 -1.59372548E+03  3.15199384E+01 -9.18441210E+01 -6.03241826E+01  3.00000000E+01  9.00000000E+02  1.13546927E-02  7.35507893E-01
  8.77177844E+02 -2.66670564E+03 -2.53416986E+03 -1.22540066E+02 -1.78952780E+03 -1.58072780E+03  3.02475119E+01 -9.19553669E+01 -6.17078550E+01  2.90000000E+01  8.41000000E+02  1.09762030E-02  7.30285783E-01
  9.48998291E+02 -2.75466933E+03 -2.61792209E+03 -1.26051214E+02 -1.80567104E+03 -1.58967104E+03  3.16332764E+01 -9.18223111E+01 -6.01890347E+01  3.00000000E+01  9.00000000E+02  1.13546927E-02  7.36082154E-01
  9.44173904E+02 -2.75395695E+03 -2.61729165E+03 -1.26026929E+02 -1.80978305E+03 -1.59378305E+03  3.14724635E+01 -9.17985651E+01 -6.03261016E+01  3.00000000E+01  9.00000000E+02  1.13546927E-02  7.34614467E-01
  8.78072283E+02 -2.66625337E+03 -2.53358020E+03 -1.22745600E+02 -1.78818108E+03 -1.57938108E+03  3.02783546E+01 -9.19397712E+01 -6.16614167E+01  2.90000000E+01  8.41000000E+02  1.09762030E-02  7.13264024E-01
  9.46613252E+02 -2.75458356E+03 -2.61774574E+03 -1.26266604E+02 -1.80797031E+03 -1.59197031E+03  3.15537751E+01 -9.18194520E+01 -6.02656770E+01  3.00000000E+01  9.00000000E+02  1.13546927E-02  7.34549442E-01
  9.48305139E+02 -2.75520867E+03 -2.61816905E+03 -1.26409992E+02 -1.80690353E+03 -1.59090353E+03  3.16101713E+01 -9.18402890E+01 -6.02301177E+01  3.00000000E+01  9.00000000E+02  1.13546927E-02  7.35014283E-01
  9.44820128E+02 -2.74951895E+03 -2.61254542E+03 -1.26249364E+02 -1.80469882E+03 -1.58919703E+03  3.15645335E+01 -9.18626805E+01 -6.02981470E+01  2.99308040E+01  8.95917436E+02  1.13285027E-02  7.86979487E-01
  9.48366212E+02 -2.75524843E+03 -2.61800942E+03 -1.26501357E+02 -1.80688222E+03 -1.59088222E+03  3.16122071E+01 -9.18416144E+01 -6.02294073E+01  3.00000000E+01  9.00000000E+02  1.13546927E-02  7.13080168E-01
  9.47707847E+02 -2.75594312E+03 -2.61858429E+03 -1.26776707E+02 -1.80823527E+03 -1.59223527E+03  3.15902616E+01 -9.18647707E+01 -6.02745092E+01  3.00000000E+01  9.00000000E+02  1.13546927E-02  7.86185687E-01
  9.46073381E+02 -2.75387288E+03 -2.61738462E+03 -1.25632358E+02 -1.80779950E+03 -1.59179950E+03  3.15357794E+01 -9.17957628E+01 -6.02599834E+01  3.00000000E+01  9.00000000E+02  1.13546927E-02  7.34735019E-01
  9.47178863E+02 -2.75503412E+03 -2.61792329E+03 -1.26469399E+02 -1.80785526E+03 -1.59185526E+03  3.15726288E+01 -9.18344706E+01 -6.02618418E+01  3.00000000E+01  9.00000000E+02  1.13546927E-02  7.35675749E-01
  8.73891809E+02 -2.66690377E+03 -2.53412616E+03 -1.22675337E+02 -1.79301196E+03 -1.58421196E+03  3.01342003E+01 -9.19621989E+01 -6.18279986E+01  2.90000000E+01  8.41000000E+02  1.09762030E-02  7.41732153E-01
  8.77733592E+02 -2.66708269E+03 -2.53396687E+03 -1.23200959E+02 -1.78934909E+03 -1.58054909E+03  3.02666756E+01 -9.19683685E+01 -6.17016929E+01  2.90000000E+01  8.41000000E+02  1.09762030E-02  7.32290925E-01
  9.23910213E+02 -2.72620304E+03 -2.59116155E+03 -1.24844603E+02 -1.80229283E+03 -1.58859152E+03  3.11188703E+01 -9.18518356E+01 -6.07329652E+01  2.96807373E+01  8.81163503E+02  1.12338551E-02  7.74136806E-01
  9.46533912E+02 -2.75445079E+03 -2.61748350E+03 -1.26151476E+02 -1.80791687E+03 -1.59191687E+03  3.15511304E+01 -9.18150262E+01 -6.02638958E+01  3.00000000E+01  9.00000000E+02  1.13546927E-02  7.35529312E-01
  9.49152899E+02 -2.75451747E+03 -2.61771560E+03 -1.26152592E+02 -1.80536458E+03 -1.58936458E+03  3.16384300E+01 -9.18172491E+01 -6.01788192E+01  3.00000000E+01  9.00000000E+02  1.13546927E-02  7.34518921E-01
  9.48702121E+02 -2.75565197E+03 -2.61855888E+03 -1.26383351E+02 -1.80694984E+03 -1.59094984E+03  3.16234040E+01 -9.18550655E+01 -6.02316615E+01  3.00000000E+01  9.00000000E+02  1.13546927E-02  7.36092853E-01
  8.79304687E+02 -2.66625057E+03 -2.53412958E+03 -1.22483832E+02 -1.78694588E+03 -1.57814588E+03  3.03208513E+01 -9.19396748E+01 -6.16188235E+01  2.90000000E+01  8.41000000E+02  1.09762030E-02  7.58262479E-01
  9.46568966E+02 -2.75482693E+03 -2.61803248E+03 -1.26071298E+02 -1.80825796E+03 -1.59225796E+03  3.15522989E+01 -9.18275643E+01 -6.02752655E+01  3.00000000E+01  9.00000000E+02  1.13546927E-02  7.17806130E-01
  9.50737026E+02 -2.75599293E+03 -2.61861020E+03 -1.26720702E+02 -1.80525590E+03 -1.58925590E+03  3.16912342E+01 -9.18664308E+01 -6.01751967E+01  3.00000000E+01  9.00000000E+02  1.13546927E-02  7.36644534E-01
  9.48788952E+02 -2.75573051E+03 -2.61856407E+03 -1.26598642E+02 -1.80694155E+03 -1.59094155E+03  3.16262984E+01 -9.18576836E+01 -6.02313852E+01  3.00000000E+01  9.00000000E+02  1.13546927E-02  7.35472598E-01
  9.39505717E+02 -2.73968199E+03 -2.60385275E+03 -1.25473200E+02 -1.80017627E+03 -1.58539814E+03  3.14897532E+01 -9.18428942E+01 -6.03531410E+01  2.98302960E+01  8.89987464E+02  1.12904615E-02  7.05483167E-01
  9.46834540E+02 -2.75504209E+03 -2.61807559E+03 -1.26418291E+02 -1.80820755E+03 -1.59220755E+03  3.15611513E+01 -9.18347364E+01 -6.02735851E+01  3.00000000E+01  9.00000000E+02  1.13546927E-02  7.02887618E-01
  9.47776664E+02 -2.75495347E+03 -2.61799687E+03 -1.26291420E+02 -1.80717681E+03 -1.59117681E+03  3.15925555E+01 -9.18317824E+01 -6.02392269E+01  3.00000000E+01  9.00000000E+02  1.13546927E-02  7.36126967E-01
  8.76540277E+02 -2.66689713E+03 -2.53402592E+03 -1.22910899E+02 -1.79035686E+03 -1.58155686E+03  3.02255268E+01 -9.19619701E+01 -6.17364434E+01  2.90000000E+01  8.41000000E+02  1.09762030E-02  7.73963497E-01
  8.76064819E+02 -2.66602696E+03 -2.53352166E+03 -1.22574273E+02 -1.78996214E+03 -1.58116214E+03  3.02091317E+01 -9.19319641E+01 -6.17228324E+01  2.90000000E+01  8.41000000E+02  1.09762030E-02  8.08923198E-01
  9.00713190E+02 -2.69655170E+03 -2.56267050E+03 -1.23602710E+02 -1.79583851E+03 -1.58458607E+03  3.06893306E+01 -9.19062547E+01 -6.12169241E+01  2.93406173E+01  8.61096423E+02  1.11051232E-02  7.91146439E-01
  9.25649776E+02 -2.72924148E+03 -2.59363542E+03 -1.25151109E+02 -1.80359170E+03 -1.58968106E+03  3.11481600E+01 -9.18640737E+01 -6.07159136E+01  2.97098120E+01  8.82878908E+02  1.12448595E-02  7.08818514E-01
  9.48296504E+02 -2.75493290E+03 -2.61819531E+03 -1.26181493E+02 -1.80663640E+03 -1.59063640E+03  3.16098834E+01 -9.18310967E+01 -6.02212133E+01  3.00000000E+01  9.00000000E+02  1.13546927E-02  8.79218153E-01
  8.78195253E+02 -2.66691677E+03 -2.53407122E+03 -1.22816363E+02 -1.78872151E+03 -1.57992151E+03  3.02825949E+01 -9.19626472E+01 -6.16800522E+01  2.90000000E+01  8.41000000E+02  1.09762030E-02  7.31438010E-01
  9.46290219E+02 -2.75575279E+03 -2.61882953E+03 -1.26325376E+02 -1.80946257E+03 -1.59346257E+03  3.15430073E+01 -9.18584263E+01 -6.03154190E+01  3.00000000E+01  9.00000000E+02  1.13546927E-02  6.94313564E-01
  9.45601021E+02 -2.75460014E+03 -2.61767934E+03 -1.26186396E+02 -1.80899911E+03 -1.59299911E+03  3.15200340E+01 -9.18200045E+01 -6.02999705E+01  3.00000000E+01  9.00000000E+02  1.13546927E-02  8.78738110E-01
  8.76451127E+02 -2.66642809E+03 -2.53368582E+03 -1.22811653E+02 -1.78997697E+03 -1.58117697E+03  3.02224527E+01 -9.19457964E+01 -6.17233437E+01  2.90000000E+01  8.41000000E+02  1.09762030E-02  7.29119357E-01
  9.48039832E+02 -2.75470150E+03 -2.61784469E+03 -1.26134238E+02 -1.80666166E+03 -1.59066166E+03  3.16013277E+01 -9.18233832E+01 -6.02220555E+01  3.00000000E+01  9.00000000E+02  1.13546927E-02  7.26132479E-01
  9.49041083E+02 -2.75442737E+03 -2.61745428E+03 -1.26261295E+02 -1.80538629E+03 -1.58938629E+03  3.16347028E+01 -9.18142457E+01 -6.01795429E+01  3.00000000E+01  9.00000000E+02  1.13546927E-02  7.34894694E-01
  9.53050605E+02 -2.75509797E+03 -2.61812643E+03 -1.26302513E+02 -1.80204737E+03 -1.58604737E+03  3.17683535E+01 -9.18365990E+01 -6.00682455E+01  3.00000000E+01  9.00000000E+02  1.13546927E-02  7.14937161E-01
  8.75482010E+02 -2.66665358E+03 -2.53374892E+03 -1.22947705E+02 -1.79117157E+03 -1.58237157E+03  3.01890348E+01 -9.19535717E+01 -6.17645368E+01  2.90000000E+01  8.41000000E+02  1.09762030E-02  8.63572500E-01
  9.25572068E+02 -2.72995019E+03 -2.59380467E+03 -1.25554921E+02 -1.80437813E+03 -1.59044491E+03  3.11394978E+01 -9.18780171E+01 -6.07385193E+01  2.97129467E+01  8.83063853E+02  1.12460460E-02  7.35067365E-01
  9.17426214E+02 -2.72019644E+03 -2.58502937E+03 -1.24811605E+02 -1.80277023E+03 -1.58956937E+03  3.09700729E+01 -9.18640670E+01 -6.08939942E+01  2.96112307E+01  8.77062609E+02  1.12075475E-02  7.17467133E-01
  8.97853875E+02 -2.69697681E+03 -2.56244744E+03 -1.24259902E+02 -1.79912294E+03 -1.58790382E+03  3.05967289E+01 -9.19350045E+01 -6.13382756E+01  2.93359893E+01  8.60823371E+02  1.11033715E-02  6.99132218E-01
  8.79761986E+02 -2.66616693E+03 -2.53370744E+03 -1.22722294E+02 -1.78640495E+03 -1.57760495E+03  3.03366202E+01 -9.19367907E+01 -6.16001705E+01  2.90000000E+01  8.41000000E+02  1.09762030E-02  8.53228741E-01
  9.47692195E+02 -2.75501648E+03 -2.61793324E+03 -1.26520296E+02 -1.80732428E+03 -1.59132428E+03  3.15897398E+01 -9.18338825E+01 -6.02441427E+01  3.00000000E+01  9.00000000E+02  1.13546927E-02  7.35525138E-01
  9.39901824E+02 -2.74780729E+03 -2.61087569E+03 -1.26192517E+02 -1.80790547E+03 -1.59254039E+03  3.14186864E+01 -9.18639763E+01 -6.04452900E+01  2.99118160E+01  8.94797144E+02  1.13213160E-02  6.96875171E-01
  9.47414950E+02 -2.75509582E+03 -2.61833850E+03 -1.26028292E+02 -1.80768087E+03 -1.59168087E+03  3.15804983E+01 -9.18365274E+01 -6.02560290E+01  3.00000000E+01  9.00000000E+02  1.13546927E-02  9.07278342E-01
  9.47058751E+02 -2.75469406E+03 -2.61790116E+03 -1.25884118E+02 -1.80763530E+03 -1.59163530E+03  3.15686250E+01 -9.18231352E+01 -6.02545102E+01  3.00000000E+01  9.00000000E+02  1.13546927E-02  7.53087564E-01
  9.47478498E+02 -2.75446708E+03 -2.61817589E+03 -1.25716661E+02 -1.80698859E+03 -1.59098859E+03  3.15826166E+01 -9.18155695E+01 -6.02329529E+01  3.00000000E+01  9.00000000E+02  1.13546927E-02  8.39189458E-01
  8.77493678E+02 -2.66647267E+03 -2.53390309E+03 -1.22626913E+02 -1.78897899E+03 -1.58017899E+03  3.02584027E+01 -9.19473335E+01 -6.16889308E+01  2.90000000E+01  8.41000000E+02  1.09762030E-02  7.93117863E-01
  8.79733619E+02 -2.66616481E+03 -2.53391992E+03 -1.22240353E+02 -1.78643119E+03 -1.57763119E+03  3.03356420E+01 -9.19367177E+01 -6.16010757E+01  2.90000000E+01  8.41000000E+02  1.09762030E-02  7.49080199E-01
  8.75174553E+02 -2.66624385E+03 -2.53400464E+03 -1.22600718E+02 -1.79106930E+03 -1.58226930E+03  3.01784329E+01 -9.19394431E+01 -6.17610103E+01  2.90000000E+01  8.41000000E+02  1.09762030E-02  8.31715801E-01
  9.47644848E+02 -2.75557941E+03 -2.61815531E+03 -1.26781363E+02 -1.80793456E+03 -1.59193456E+03  3.15881616E+01 -9.18526468E+01 -6.02644852E+01  3.00000000E+01  9.00000000E+02  1.13546927E-02  7.35985313E-01
  9.46399729E+02 -2.75466802E+03 -2.61792641E+03 -1.26098038E+02 -1.80826829E+03 -1.59226829E+03  3.15466576E+01 -9.18222674E+01 -6.02756098E+01  3.00000000E+01  9.00000000E+02  1.13546927E-02  6.99994001E-01
  9.52246477E+02 -2.75481670E+03 -2.61800334E+03 -1.26088450E+02 -1.80257023E+03 -1.58657023E+03  3.17415492E+01 -9.18272235E+01 -6.00856743E+01  3.00000000E+01  9.00000000E+02  1.13546927E-02  7.05336379E-01
  9.25932049E+02 -2.72633933E+03 -2.59119015E+03 -1.24645860E+02 -1.80040728E+03 -1.58670009E+03  3.11855994E+01 -9.18539712E+01 -6.06683719E+01  2.96815533E+01  8.81211647E+02  1.12341639E-02  8.78293104E-01
  9.19439706E+02 -2.71839830E+03 -2.58337130E+03 -1.24550443E+02 -1.79895860E+03 -1.58592752E+03  3.10653085E+01 -9.18772113E+01 -6.08119029E+01  2.95876493E+01  8.75671311E+02  1.11986222E-02  8.15278527E-01
  9.36514263E+02 -2.73983418E+03 -2.60372086E+03 -1.25854308E+02 -1.80331992E+03 -1.58859146E+03  3.13944696E+01 -9.18689627E+01 -6.04744931E+01  2.98233973E+01  8.89580443E+02  1.12878504E-02  7.34708838E-01
  9.44691825E+02 -2.75476991E+03 -2.61790426E+03 -1.26069312E+02 -1.81007809E+03 -1.59407809E+03  3.14897275E+01 -9.18256638E+01 -6.03359363E+01  3.00000000E+01  9.00000000E+02  1.13546927E-02  7.64548135E-01
  9.43440448E+02 -2.75414674E+03 -2.61776179E+03 -1.26036581E+02 -1.81070629E+03 -1.59470629E+03  3.14480149E+01 -9.18048914E+01 -6.03568764E+01  3.00000000E+01  9.00000000E+02  1.13546927E-02  9.98844606E-01
  9.46828170E+02 -2.75450729E+03 -2.61738814E+03 -1.26560816E+02 -1.80767912E+03 -1.59167912E+03  3.15609390E+01 -9.18169097E+01 -6.02559707E+01  3.00000000E+01  9.00000000E+02  1.13546927E-02  9.68540804E-01
  8.76300630E+02 -2.66626250E+03 -2.53373317E+03 -1.22774711E+02 -1.78996187E+03 -1.58116187E+03  3.02172631E+01 -9.19400861E+01 -6.17228230E+01  2.90000000E+01  8.41000000E+02  1.09762030E-02  6.96941559E-01
  9.12182503E+02 -2.71325831E+03 -2.57830181E+03 -1.24634757E+02 -1.80107580E+03 -1.58845722E+03  3.08784358E+01 -9.18814489E+01 -6.10030130E+01  2.95303587E+01  8.72291161E+02  1.11769383E-02  7.32448796E-01
  9.51028713E+02 -2.75593484E+03 -2.61849380E+03 -1.26683784E+02 -1.80490613E+03 -1.58890613E+03  3.17009571E+01 -9.18644947E+01 -6.01635376E+01  3.00000000E+01  9.00000000E+02  1.13546927E-02  9.98242818E-01
  9.50967883E+02 -2.75425934E+03 -2.61749913E+03 -1.26201631E+02 -1.80329145E+03 -1.58729145E+03  3.16989294E+01 -9.18086445E+01 -6.01097151E+01  3.00000000E+01  9.00000000E+02  1.13546927E-02  8.00764265E-01
  9.46833547E+02 -2.75458633E+03 -2.61791964E+03 -1.25849144E+02 -1.80775278E+03 -1.59175278E+03  3.15611182E+01 -9.18195443E+01 -6.02584261E+01  3.00000000E+01  9.00000000E+02  1.13546927E-02  7.99050098E-01
  9.51144469E+02 -2.75460915E+03 -2.61833922E+03 -1.25685576E+02 -1.80346468E+03 -1.58746468E+03  3.17048156E+01 -9.18203050E+01 -6.01154894E+01  3.00000000E+01  9.00000000E+02  1.13546927E-02  7.50115522E-01
  8.75456851E+02 -2.66634436E+03 -2.53364682E+03 -1.22624505E+02 -1.79088751E+03 -1.58208751E+03  3.01881673E+01 -9.19429091E+01 -6.17547418E+01  2.90000000E+01  8.41000000E+02  1.09762030E-02  7.15032925E-01
  9.46647309E+02 -2.75556812E+03 -2.61885914E+03 -1.26140580E+02 -1.80892082E+03 -1.59292082E+03  3.15549103E+01 -9.18522708E+01 -6.02973605E+01  3.00000000E+01  9.00000000E+02  1.13546927E-02  6.94575962E-01
  9.47018645E+02 -2.75546733E+03 -2.61797634E+03 -1.26638350E+02 -1.80844869E+03 -1.59244869E+03  3.15672882E+01 -9.18489111E+01 -6.02816229E+01  3.00000000E+01  9.00000000E+02  1.13546927E-02  7.34721282E-01
  8.77993869E+02 -2.66631959E+03 -2.53396917E+03 -1.22570789E+02 -1.78832572E+03 -1.57952572E+03  3.02756507E+01 -9.19420547E+01 -6.16664040E+01  2.90000000E+01  8.41000000E+02  1.09762030E-02  7.29572263E-01
