# PIMCID: b561ebee-926e-4877-8859-9a9056ff72c9
#    Number Bins
            6372
            6337
            6177
            6438
            6354
            6459
            6300
            6418
            6472
            6155
            6398
            6309
            6243
            6334
            6432
            6347
            6345
            6345
            6542
            6432
            6462
            6439
            6285
            6426
            6548
            6227
            6482
            6399
            6454
            6451
            6423
            6492
            6644
            6361
            6537
            6240
            6466
            6564
            6376
            6170
            6145
            6505
            6513
            6362
            6301
            6374
            6428
            6233
