# PIMCID: 5e98213b-58e7-40a6-b555-b123697db8de
#    Number Bins
            7500
            7500
            7500
            7500
            7500
            7500
            7500
            7500
            7500
            7500
            7500
            7500
            7500
            7500
            7500
            7500
            7500
            7500
            7500
            7500
            7500
            7500
            7500
            7500
            7500
            7500
            7500
            7500
            7500
            7500
            7500
            7500
            7500
            7500
            7500
            7500
            7500
            7500
            7500
            7500
            7500
            7500
            7500
            7500
            7500
            7500
            7500
            7500
            7500
            7500
            7500
            7500
            7500
            7500
            7500
            7500
            7500
            7500
            7500
            7500
            7500
            7500
            7500
            7500
            7500
            7500
            7500
            7500
            7500
            7500
            7500
            7500
            7500
            7500
            7500
            7500
            7500
            7500
            7500
            7500
            7500
            7500
            7500
            7500
            7500
            7500
            7500
            7500
            7500
            7500
            7500
            7500
            7500
            7500
            7500
            7500
            7500
            7500
            7500
            7500
            7500
            7500
            7500
            7500
            7500
            7500
            7500
            7500
            7500
            7500
            7500
            7500
            7500
            7500
            7500
            7500
            7500
            7500
            7500
            7500
            7500
            7500
            7500
            7500
            7500
            7500
            7500
            7500
            7500
            7500
            7500
            7500
            7500
            7500
            7500
            7500
            7500
            7500
            7500
            7500
            7500
            7500
            7500
            7500
            7500
            7500
            7500
            7500
            7500
            7500
            7500
