# PIMCID: 5e98213b-58e7-40a6-b555-b123697db8de
#              K               V           V_ext           V_int               E            E_mu             K/N             V/N             E/N               N             N^2         density        diagonal
  8.75247074E+02 -2.66612875E+03 -2.53351853E+03 -1.22681713E+02 -1.79088168E+03 -1.58208168E+03  3.01809336E+01 -9.19354742E+01 -6.17545406E+01  2.90000000E+01  8.41000000E+02  1.09762030E-02  7.30682912E-01
  9.45699055E+02 -2.75421955E+03 -2.61717534E+03 -1.26376406E+02 -1.80852050E+03 -1.59252050E+03  3.15233018E+01 -9.18073184E+01 -6.02840166E+01  3.00000000E+01  9.00000000E+02  1.13546927E-02  7.86783562E-01
  8.76765420E+02 -2.66654540E+03 -2.53413239E+03 -1.22511213E+02 -1.78977998E+03 -1.58097998E+03  3.02332904E+01 -9.19498413E+01 -6.17165509E+01  2.90000000E+01  8.41000000E+02  1.09762030E-02  1.00000000E+00
  9.49702779E+02 -2.75625197E+03 -2.61923537E+03 -1.26511826E+02 -1.80654919E+03 -1.59054919E+03  3.16567593E+01 -9.18750657E+01 -6.02183064E+01  3.00000000E+01  9.00000000E+02  1.13546927E-02  9.99977635E-01
  8.75785707E+02 -2.66773991E+03 -2.53470460E+03 -1.23026863E+02 -1.79195420E+03 -1.58315420E+03  3.01995071E+01 -9.19910313E+01 -6.17915242E+01  2.90000000E+01  8.41000000E+02  1.09762030E-02  9.99993425E-01
  8.76689615E+02 -2.66630752E+03 -2.53441782E+03 -1.21927051E+02 -1.78961791E+03 -1.58081791E+03  3.02306764E+01 -9.19416387E+01 -6.17109623E+01  2.90000000E+01  8.41000000E+02  1.09762030E-02  9.87076040E-01
  9.44740949E+02 -2.75533793E+03 -2.61810271E+03 -1.26663463E+02 -1.81059698E+03 -1.59459698E+03  3.14913650E+01 -9.18445976E+01 -6.03532326E+01  3.00000000E+01  9.00000000E+02  1.13546927E-02  1.00000000E+00
  9.50430371E+02 -2.75522566E+03 -2.61829232E+03 -1.26384997E+02 -1.80479529E+03 -1.58879529E+03  3.16810124E+01 -9.18408553E+01 -6.01598430E+01  3.00000000E+01  9.00000000E+02  1.13546927E-02  1.00000000E+00
  9.48009015E+02 -2.75506748E+03 -2.61832509E+03 -1.25917107E+02 -1.80705847E+03 -1.59105847E+03  3.16003005E+01 -9.18355827E+01 -6.02352822E+01  3.00000000E+01  9.00000000E+02  1.13546927E-02  8.41001431E-01
  9.44583369E+02 -2.75535577E+03 -2.61820364E+03 -1.26185148E+02 -1.81077240E+03 -1.59477240E+03  3.14861123E+01 -9.18451923E+01 -6.03590800E+01  3.00000000E+01  9.00000000E+02  1.13546927E-02  8.78293891E-01
  8.74671652E+02 -2.66657535E+03 -2.53434166E+03 -1.22597349E+02 -1.79190370E+03 -1.58310370E+03  3.01610915E+01 -9.19508742E+01 -6.17897828E+01  2.90000000E+01  8.41000000E+02  1.09762030E-02  7.30595941E-01
  8.80876095E+02 -2.67254844E+03 -2.53955943E+03 -1.22880556E+02 -1.79167234E+03 -1.58238777E+03  3.03019576E+01 -9.19437684E+01 -6.16418107E+01  2.90673013E+01  8.44970779E+02  1.10016759E-02  7.31297791E-01
  9.47925220E+02 -2.75488930E+03 -2.61780739E+03 -1.26436195E+02 -1.80696408E+03 -1.59096408E+03  3.15975073E+01 -9.18296433E+01 -6.02321359E+01  3.00000000E+01  9.00000000E+02  1.13546927E-02  8.17893906E-01
  9.34536089E+02 -2.73980886E+03 -2.60360991E+03 -1.25596874E+02 -1.80527277E+03 -1.59051978E+03  3.13243757E+01 -9.18577404E+01 -6.05333647E+01  2.98268040E+01  8.89781436E+02  1.12891398E-02  7.35098213E-01
  9.45744267E+02 -2.75531681E+03 -2.61843142E+03 -1.26242047E+02 -1.80957254E+03 -1.59357254E+03  3.15248089E+01 -9.18438936E+01 -6.03190847E+01  3.00000000E+01  9.00000000E+02  1.13546927E-02  7.34695286E-01
  9.48181258E+02 -2.75593006E+03 -2.61903442E+03 -1.26088569E+02 -1.80774880E+03 -1.59174880E+03  3.16060419E+01 -9.18643352E+01 -6.02582933E+01  3.00000000E+01  9.00000000E+02  1.13546927E-02  9.99951233E-01
  9.44115945E+02 -2.75460032E+03 -2.61759602E+03 -1.26155851E+02 -1.81048438E+03 -1.59448438E+03  3.14705315E+01 -9.18200107E+01 -6.03494792E+01  3.00000000E+01  9.00000000E+02  1.13546927E-02  8.30368958E-01
  9.47881469E+02 -2.75493409E+03 -2.61801218E+03 -1.26279650E+02 -1.80705262E+03 -1.59105262E+03  3.15960490E+01 -9.18311362E+01 -6.02350873E+01  3.00000000E+01  9.00000000E+02  1.13546927E-02  6.96304787E-01
  9.47375484E+02 -2.75544136E+03 -2.61840164E+03 -1.26207823E+02 -1.80806588E+03 -1.59206588E+03  3.15791828E+01 -9.18480455E+01 -6.02688627E+01  3.00000000E+01  9.00000000E+02  1.13546927E-02  1.00000000E+00
  9.46817064E+02 -2.75392763E+03 -2.61763802E+03 -1.25963595E+02 -1.80711057E+03 -1.59111057E+03  3.15605688E+01 -9.17975877E+01 -6.02370189E+01  3.00000000E+01  9.00000000E+02  1.13546927E-02  1.00000000E+00
  8.75851544E+02 -2.66794187E+03 -2.53485481E+03 -1.23347306E+02 -1.79209032E+03 -1.58329032E+03  3.02017774E+01 -9.19979954E+01 -6.17962180E+01  2.90000000E+01  8.41000000E+02  1.09762030E-02  1.00000000E+00
  8.78971301E+02 -2.66628484E+03 -2.53333523E+03 -1.22920631E+02 -1.78731354E+03 -1.57851354E+03  3.03093552E+01 -9.19408567E+01 -6.16315015E+01  2.90000000E+01  8.41000000E+02  1.09762030E-02  8.54175214E-01
  9.48838708E+02 -2.75375992E+03 -2.61734486E+03 -1.25826047E+02 -1.80492121E+03 -1.58892121E+03  3.16279569E+01 -9.17919974E+01 -6.01640405E+01  3.00000000E+01  9.00000000E+02  1.13546927E-02  1.00000000E+00
  8.74851159E+02 -2.66650348E+03 -2.53416394E+03 -1.22278567E+02 -1.79165232E+03 -1.58285232E+03  3.01672813E+01 -9.19483958E+01 -6.17811144E+01  2.90000000E+01  8.41000000E+02  1.09762030E-02  9.99997360E-01
  9.47163298E+02 -2.75458457E+03 -2.61748650E+03 -1.26294236E+02 -1.80742127E+03 -1.59142127E+03  3.15721099E+01 -9.18194855E+01 -6.02473756E+01  3.00000000E+01  9.00000000E+02  1.13546927E-02  1.00000000E+00
  9.43300824E+02 -2.75545864E+03 -2.61803565E+03 -1.26719372E+02 -1.81215781E+03 -1.59615781E+03  3.14433608E+01 -9.18486213E+01 -6.04052605E+01  3.00000000E+01  9.00000000E+02  1.13546927E-02  1.00000000E+00
  9.44750219E+02 -2.75421417E+03 -2.61759749E+03 -1.26120840E+02 -1.80946395E+03 -1.59346395E+03  3.14916740E+01 -9.18071391E+01 -6.03154651E+01  3.00000000E+01  9.00000000E+02  1.13546927E-02  1.00000000E+00
  8.78933557E+02 -2.66588898E+03 -2.53385847E+03 -1.22199781E+02 -1.78695542E+03 -1.57815542E+03  3.03080537E+01 -9.19272061E+01 -6.16191524E+01  2.90000000E+01  8.41000000E+02  1.09762030E-02  9.49361533E-01
  9.43812460E+02 -2.75477026E+03 -2.61803077E+03 -1.26173512E+02 -1.81095780E+03 -1.59495780E+03  3.14604153E+01 -9.18256754E+01 -6.03652601E+01  3.00000000E+01  9.00000000E+02  1.13546927E-02  7.35085683E-01
  9.47706004E+02 -2.75476038E+03 -2.61759276E+03 -1.26368720E+02 -1.80705438E+03 -1.59105438E+03  3.15902001E+01 -9.18253460E+01 -6.02351459E+01  3.00000000E+01  9.00000000E+02  1.13546927E-02  9.99996040E-01
  8.99701666E+02 -2.69872481E+03 -2.56426270E+03 -1.24140076E+02 -1.79902315E+03 -1.58761155E+03  3.06297368E+01 -9.19108545E+01 -6.12811177E+01  2.93627213E+01  8.62400559E+02  1.11134893E-02  7.32799744E-01
  9.50407364E+02 -2.75464961E+03 -2.61748767E+03 -1.26458278E+02 -1.80424225E+03 -1.58824225E+03  3.16802455E+01 -9.18216537E+01 -6.01414082E+01  3.00000000E+01  9.00000000E+02  1.13546927E-02  1.00000000E+00
  8.74486309E+02 -2.66709840E+03 -2.53476874E+03 -1.22593996E+02 -1.79261209E+03 -1.58381209E+03  3.01547003E+01 -9.19689104E+01 -6.18142101E+01  2.90000000E+01  8.41000000E+02  1.09762030E-02  9.99992105E-01
  8.74465359E+02 -2.66662765E+03 -2.53403259E+03 -1.22762474E+02 -1.79216229E+03 -1.58336229E+03  3.01539779E+01 -9.19526774E+01 -6.17986995E+01  2.90000000E+01  8.41000000E+02  1.09762030E-02  9.97125634E-01
  9.48697266E+02 -2.75518612E+03 -2.61812561E+03 -1.26509079E+02 -1.80648885E+03 -1.59048885E+03  3.16232422E+01 -9.18395373E+01 -6.02162951E+01  3.00000000E+01  9.00000000E+02  1.13546927E-02  1.00000000E+00
  9.47954580E+02 -2.75394559E+03 -2.61732314E+03 -1.26062131E+02 -1.80599101E+03 -1.58999101E+03  3.15984860E+01 -9.17981863E+01 -6.01997003E+01  3.00000000E+01  9.00000000E+02  1.13546927E-02  9.99977661E-01
  9.48466485E+02 -2.75444500E+03 -2.61780600E+03 -1.26030263E+02 -1.80597852E+03 -1.58997852E+03  3.16155495E+01 -9.18148334E+01 -6.01992839E+01  3.00000000E+01  9.00000000E+02  1.13546927E-02  1.00000000E+00
  9.47163516E+02 -2.75402976E+03 -2.61724956E+03 -1.26049639E+02 -1.80686625E+03 -1.59086625E+03  3.15721172E+01 -9.18009921E+01 -6.02288749E+01  3.00000000E+01  9.00000000E+02  1.13546927E-02  1.00000000E+00
  9.47138744E+02 -2.75518769E+03 -2.61820160E+03 -1.26308320E+02 -1.80804894E+03 -1.59204894E+03  3.15712915E+01 -9.18395896E+01 -6.02682981E+01  3.00000000E+01  9.00000000E+02  1.13546927E-02  7.36416323E-01
  9.46142120E+02 -2.75482666E+03 -2.61804037E+03 -1.26180069E+02 -1.80868454E+03 -1.59268454E+03  3.15380707E+01 -9.18275555E+01 -6.02894848E+01  3.00000000E+01  9.00000000E+02  1.13546927E-02  1.00000000E+00
  9.45042798E+02 -2.75545425E+03 -2.61860401E+03 -1.26375114E+02 -1.81041145E+03 -1.59441145E+03  3.15014266E+01 -9.18484750E+01 -6.03470485E+01  3.00000000E+01  9.00000000E+02  1.13546927E-02  9.92415543E-01
  9.50030052E+02 -2.75541899E+03 -2.61851599E+03 -1.26245303E+02 -1.80538894E+03 -1.58938894E+03  3.16676684E+01 -9.18472996E+01 -6.01796312E+01  3.00000000E+01  9.00000000E+02  1.13546927E-02  9.99984184E-01
  8.77164145E+02 -2.66692857E+03 -2.53422228E+03 -1.22946153E+02 -1.78976442E+03 -1.58096442E+03  3.02470395E+01 -9.19630540E+01 -6.17160145E+01  2.90000000E+01  8.41000000E+02  1.09762030E-02  7.30153698E-01
  9.47449454E+02 -2.75493735E+03 -2.61791730E+03 -1.26417475E+02 -1.80748790E+03 -1.59148790E+03  3.15816485E+01 -9.18312450E+01 -6.02495965E+01  3.00000000E+01  9.00000000E+02  1.13546927E-02  1.00000000E+00
  9.47294872E+02 -2.75498967E+03 -2.61793617E+03 -1.26245063E+02 -1.80769480E+03 -1.59169480E+03  3.15764957E+01 -9.18329890E+01 -6.02564932E+01  3.00000000E+01  9.00000000E+02  1.13546927E-02  7.35416424E-01
  9.48645776E+02 -2.75394707E+03 -2.61801824E+03 -1.25326852E+02 -1.80530130E+03 -1.58930130E+03  3.16215259E+01 -9.17982358E+01 -6.01767099E+01  3.00000000E+01  9.00000000E+02  1.13546927E-02  1.00000000E+00
  9.45016233E+02 -2.75392722E+03 -2.61695638E+03 -1.26175704E+02 -1.80891099E+03 -1.59291099E+03  3.15005411E+01 -9.17975741E+01 -6.02970330E+01  3.00000000E+01  9.00000000E+02  1.13546927E-02  1.00000000E+00
  8.76474681E+02 -2.66620829E+03 -2.53386762E+03 -1.22441401E+02 -1.78973361E+03 -1.58093361E+03  3.02232649E+01 -9.19382168E+01 -6.17149519E+01  2.90000000E+01  8.41000000E+02  1.09762030E-02  8.18843628E-01
  9.45630926E+02 -2.75557019E+03 -2.61858421E+03 -1.26418641E+02 -1.80993926E+03 -1.59393926E+03  3.15210309E+01 -9.18523395E+01 -6.03313087E+01  3.00000000E+01  9.00000000E+02  1.13546927E-02  7.36209325E-01
  9.46391021E+02 -2.75527897E+03 -2.61809184E+03 -1.26567498E+02 -1.80888795E+03 -1.59288795E+03  3.15463674E+01 -9.18426322E+01 -6.02962648E+01  3.00000000E+01  9.00000000E+02  1.13546927E-02  1.00000000E+00
  8.77736303E+02 -2.66620542E+03 -2.53367016E+03 -1.22559526E+02 -1.78846912E+03 -1.57966912E+03  3.02667691E+01 -9.19381180E+01 -6.16713489E+01  2.90000000E+01  8.41000000E+02  1.09762030E-02  9.98166474E-01
  9.47845041E+02 -2.75556140E+03 -2.61843546E+03 -1.26617170E+02 -1.80771635E+03 -1.59171635E+03  3.15948347E+01 -9.18520465E+01 -6.02572118E+01  3.00000000E+01  9.00000000E+02  1.13546927E-02  7.35879998E-01
  8.75568402E+02 -2.66624940E+03 -2.53368410E+03 -1.22717988E+02 -1.79068100E+03 -1.58188100E+03  3.01920139E+01 -9.19396345E+01 -6.17476206E+01  2.90000000E+01  8.41000000E+02  1.09762030E-02  7.29921145E-01
  9.45640712E+02 -2.75531574E+03 -2.61821377E+03 -1.26526989E+02 -1.80967502E+03 -1.59367502E+03  3.15213571E+01 -9.18438579E+01 -6.03225008E+01  3.00000000E+01  9.00000000E+02  1.13546927E-02  9.21324742E-01
  9.51719286E+02 -2.75501670E+03 -2.61794947E+03 -1.26395641E+02 -1.80329741E+03 -1.58729741E+03  3.17239762E+01 -9.18338899E+01 -6.01099137E+01  3.00000000E+01  9.00000000E+02  1.13546927E-02  1.00000000E+00
  8.78986064E+02 -2.66600408E+03 -2.53388601E+03 -1.22200444E+02 -1.78701801E+03 -1.57821801E+03  3.03098643E+01 -9.19311751E+01 -6.16213108E+01  2.90000000E+01  8.41000000E+02  1.09762030E-02  1.00000000E+00
  8.12439802E+02 -2.57273912E+03 -2.44802826E+03 -1.15704064E+02 -1.76029932E+03 -1.55869932E+03  2.90157072E+01 -9.18835400E+01 -6.28678327E+01  2.80000000E+01  7.84000000E+02  1.05977132E-02  1.00000000E+00
  9.47596046E+02 -2.75476800E+03 -2.61794464E+03 -1.26227158E+02 -1.80717195E+03 -1.59117195E+03  3.15865349E+01 -9.18255999E+01 -6.02390651E+01  3.00000000E+01  9.00000000E+02  1.13546927E-02  1.00000000E+00
  9.46281678E+02 -2.75500582E+03 -2.61845410E+03 -1.25936989E+02 -1.80872414E+03 -1.59272414E+03  3.15427226E+01 -9.18335272E+01 -6.02908046E+01  3.00000000E+01  9.00000000E+02  1.13546927E-02  9.99993502E-01
  8.78123619E+02 -2.66584817E+03 -2.53365573E+03 -1.22745814E+02 -1.78772455E+03 -1.57892455E+03  3.02801248E+01 -9.19257991E+01 -6.16456743E+01  2.90000000E+01  8.41000000E+02  1.09762030E-02  9.99827347E-01
  8.75136535E+02 -2.66624533E+03 -2.53382334E+03 -1.22407572E+02 -1.79110880E+03 -1.58230880E+03  3.01771219E+01 -9.19394942E+01 -6.17623723E+01  2.90000000E+01  8.41000000E+02  1.09762030E-02  7.29166416E-01
  9.31455227E+02 -2.73615817E+03 -2.60032034E+03 -1.25403820E+02 -1.80470295E+03 -1.59024115E+03  3.12626302E+01 -9.18600333E+01 -6.05974031E+01  2.97863600E+01  8.87395240E+02  1.12738322E-02  7.33187546E-01
  8.81128679E+02 -2.66625671E+03 -2.53369492E+03 -1.22316814E+02 -1.78512803E+03 -1.57632803E+03  3.03837476E+01 -9.19398866E+01 -6.15561390E+01  2.90000000E+01  8.41000000E+02  1.09762030E-02  1.00000000E+00
  8.79594727E+02 -2.66631344E+03 -2.53358080E+03 -1.22764609E+02 -1.78671871E+03 -1.57791871E+03  3.03308527E+01 -9.19418426E+01 -6.16109899E+01  2.90000000E+01  8.41000000E+02  1.09762030E-02  7.30907705E-01
  8.92296315E+02 -2.68281511E+03 -2.54959068E+03 -1.23258775E+02 -1.79051880E+03 -1.58037293E+03  3.05652764E+01 -9.19187608E+01 -6.13534844E+01  2.91869253E+01  8.52028595E+02  1.10469523E-02  7.29282260E-01
  8.78078210E+02 -2.66691983E+03 -2.53424009E+03 -1.22697933E+02 -1.78884162E+03 -1.58004162E+03  3.02785590E+01 -9.19627529E+01 -6.16841939E+01  2.90000000E+01  8.41000000E+02  1.09762030E-02  9.92177444E-01
  8.96716926E+02 -2.68814872E+03 -2.55420515E+03 -1.23776582E+02 -1.79143179E+03 -1.58086712E+03  3.06529160E+01 -9.19187192E+01 -6.12658032E+01  2.92450933E+01  8.55460507E+02  1.10689683E-02  7.33359844E-01
  9.45940261E+02 -2.75504405E+03 -2.61818232E+03 -1.26117866E+02 -1.80910379E+03 -1.59310379E+03  3.15313420E+01 -9.18348017E+01 -6.03034596E+01  3.00000000E+01  9.00000000E+02  1.13546927E-02  1.00000000E+00
  8.75801317E+02 -2.66668259E+03 -2.53406926E+03 -1.22699583E+02 -1.79088128E+03 -1.58208128E+03  3.02000454E+01 -9.19545722E+01 -6.17545268E+01  2.90000000E+01  8.41000000E+02  1.09762030E-02  8.77035281E-01
  9.36808402E+02 -2.74435190E+03 -2.60813766E+03 -1.25671641E+02 -1.80754350E+03 -1.59247609E+03  3.13571005E+01 -9.18753393E+01 -6.05182388E+01  2.98704733E+01  8.92357927E+02  1.13056682E-02  8.57026249E-01
  9.13643657E+02 -2.71327208E+03 -2.57786676E+03 -1.25121125E+02 -1.79962842E+03 -1.58708870E+03  3.09386824E+01 -9.19158051E+01 -6.09771226E+01  2.95194053E+01  8.71644915E+02  1.11727926E-02  7.33323397E-01
  9.46093722E+02 -2.75524040E+03 -2.61790563E+03 -1.26615177E+02 -1.80914668E+03 -1.59314668E+03  3.15364574E+01 -9.18413466E+01 -6.03048892E+01  3.00000000E+01  9.00000000E+02  1.13546927E-02  7.35401401E-01
  9.46394288E+02 -2.75494607E+03 -2.61792909E+03 -1.26291613E+02 -1.80855178E+03 -1.59255178E+03  3.15464763E+01 -9.18315356E+01 -6.02850593E+01  3.00000000E+01  9.00000000E+02  1.13546927E-02  7.34302330E-01
  8.73892011E+02 -2.66717465E+03 -2.53388431E+03 -1.23152845E+02 -1.79328264E+03 -1.58448264E+03  3.01342073E+01 -9.19715396E+01 -6.18373323E+01  2.90000000E+01  8.41000000E+02  1.09762030E-02  9.99918493E-01
  8.76015640E+02 -2.66648452E+03 -2.53388575E+03 -1.22692781E+02 -1.79046888E+03 -1.58166888E+03  3.02074359E+01 -9.19477420E+01 -6.17403062E+01  2.90000000E+01  8.41000000E+02  1.09762030E-02  1.00000000E+00
  9.52676972E+02 -2.75542006E+03 -2.61799203E+03 -1.26677561E+02 -1.80274309E+03 -1.58674309E+03  3.17558991E+01 -9.18473355E+01 -6.00914364E+01  3.00000000E+01  9.00000000E+02  1.13546927E-02  7.35005930E-01
  8.76628139E+02 -2.66735327E+03 -2.53507513E+03 -1.22409209E+02 -1.79072513E+03 -1.58192513E+03  3.02285565E+01 -9.19776989E+01 -6.17491424E+01  2.90000000E+01  8.41000000E+02  1.09762030E-02  7.29828692E-01
  8.78070967E+02 -2.66618339E+03 -2.53388235E+03 -1.22431899E+02 -1.78811243E+03 -1.57931243E+03  3.02783092E+01 -9.19373584E+01 -6.16590492E+01  2.90000000E+01  8.41000000E+02  1.09762030E-02  1.00000000E+00
  9.48589023E+02 -2.75536119E+03 -2.61847002E+03 -1.26310365E+02 -1.80677217E+03 -1.59077217E+03  3.16196341E+01 -9.18453730E+01 -6.02257389E+01  3.00000000E+01  9.00000000E+02  1.13546927E-02  7.34380044E-01
  9.50230401E+02 -2.75411737E+03 -2.61694554E+03 -1.26380317E+02 -1.80388697E+03 -1.58788697E+03  3.16743467E+01 -9.18039125E+01 -6.01295657E+01  3.00000000E+01  9.00000000E+02  1.13546927E-02  1.00000000E+00
  9.47208893E+02 -2.75440415E+03 -2.61753216E+03 -1.26001583E+02 -1.80719526E+03 -1.59119526E+03  3.15736298E+01 -9.18134716E+01 -6.02398419E+01  3.00000000E+01  9.00000000E+02  1.13546927E-02  1.00000000E+00
  9.47171702E+02 -2.75445320E+03 -2.61751181E+03 -1.26304002E+02 -1.80728150E+03 -1.59128150E+03  3.15723901E+01 -9.18151068E+01 -6.02427168E+01  3.00000000E+01  9.00000000E+02  1.13546927E-02  1.00000000E+00
  9.44158944E+02 -2.75540559E+03 -2.61811744E+03 -1.26686704E+02 -1.81124664E+03 -1.59524664E+03  3.14719648E+01 -9.18468528E+01 -6.03748880E+01  3.00000000E+01  9.00000000E+02  1.13546927E-02  8.79203643E-01
  9.51216371E+02 -2.75455836E+03 -2.61797199E+03 -1.26135314E+02 -1.80334199E+03 -1.58734199E+03  3.17072124E+01 -9.18186122E+01 -6.01113998E+01  3.00000000E+01  9.00000000E+02  1.13546927E-02  7.34782990E-01
  9.48411657E+02 -2.75536058E+03 -2.61806001E+03 -1.26752011E+02 -1.80694893E+03 -1.59094893E+03  3.16137219E+01 -9.18453528E+01 -6.02316309E+01  3.00000000E+01  9.00000000E+02  1.13546927E-02  6.98841252E-01
  9.45041069E+02 -2.75553406E+03 -2.61805600E+03 -1.26731222E+02 -1.81049299E+03 -1.59449299E+03  3.15013690E+01 -9.18511354E+01 -6.03497665E+01  3.00000000E+01  9.00000000E+02  1.13546927E-02  7.34695219E-01
  7.56247828E+02 -2.47551011E+03 -2.36143783E+03 -1.05372789E+02 -1.71926228E+03 -1.52486228E+03  2.80091788E+01 -9.16855596E+01 -6.36763808E+01  2.70000000E+01  7.29000000E+02  1.02192235E-02  9.99993425E-01
  8.74214790E+02 -2.66698887E+03 -2.53408899E+03 -1.23011306E+02 -1.79277408E+03 -1.58397408E+03  3.01453376E+01 -9.19651334E+01 -6.18197958E+01  2.90000000E+01  8.41000000E+02  1.09762030E-02  1.00000000E+00
  8.73657203E+02 -2.66577691E+03 -2.53326175E+03 -1.22548245E+02 -1.79211971E+03 -1.58331971E+03  3.01261105E+01 -9.19233417E+01 -6.17972313E+01  2.90000000E+01  8.41000000E+02  1.09762030E-02  1.00000000E+00
  8.76676694E+02 -2.66623655E+03 -2.53389544E+03 -1.22727003E+02 -1.78955986E+03 -1.58075986E+03  3.02302308E+01 -9.19391915E+01 -6.17089606E+01  2.90000000E+01  8.41000000E+02  1.09762030E-02  9.98188133E-01
  9.45996363E+02 -2.75596565E+03 -2.61866700E+03 -1.26720260E+02 -1.80996929E+03 -1.59396929E+03  3.15332121E+01 -9.18655217E+01 -6.03323096E+01  3.00000000E+01  9.00000000E+02  1.13546927E-02  1.00000000E+00
  9.47197363E+02 -2.75472156E+03 -2.61759231E+03 -1.26249508E+02 -1.80752420E+03 -1.59152420E+03  3.15732454E+01 -9.18240520E+01 -6.02508066E+01  3.00000000E+01  9.00000000E+02  1.13546927E-02  1.00000000E+00
  8.78547159E+02 -2.66644404E+03 -2.53378151E+03 -1.22829261E+02 -1.78789688E+03 -1.57909688E+03  3.02947296E+01 -9.19463463E+01 -6.16516167E+01  2.90000000E+01  8.41000000E+02  1.09762030E-02  9.99996117E-01
  8.75549948E+02 -2.66680269E+03 -2.53387250E+03 -1.23167595E+02 -1.79125274E+03 -1.58245274E+03  3.01913775E+01 -9.19587134E+01 -6.17673358E+01  2.90000000E+01  8.41000000E+02  1.09762030E-02  9.99944940E-01
  7.56226118E+02 -2.47580093E+03 -2.36121448E+03 -1.05851526E+02 -1.71957481E+03 -1.52517481E+03  2.80083747E+01 -9.16963307E+01 -6.36879560E+01  2.70000000E+01  7.29000000E+02  1.02192235E-02  1.00000000E+00
  9.14347718E+02 -2.71263979E+03 -2.57778242E+03 -1.24390952E+02 -1.79829207E+03 -1.58568147E+03  3.09511624E+01 -9.18636886E+01 -6.09125261E+01  2.95292493E+01  8.72225711E+02  1.11765184E-02  7.32240502E-01
  9.43057370E+02 -2.75523738E+03 -2.61845380E+03 -1.26018047E+02 -1.81218001E+03 -1.59618001E+03  3.14352457E+01 -9.18412460E+01 -6.04060004E+01  3.00000000E+01  9.00000000E+02  1.13546927E-02  1.00000000E+00
  9.09612907E+02 -2.70843654E+03 -2.57399571E+03 -1.24165937E+02 -1.79882363E+03 -1.58658145E+03  3.08463053E+01 -9.18806701E+01 -6.10343648E+01  2.94780813E+01  8.69206799E+02  1.11571519E-02  7.32192113E-01
  9.49145650E+02 -2.75440706E+03 -2.61758881E+03 -1.26119112E+02 -1.80526141E+03 -1.58926141E+03  3.16381883E+01 -9.18135687E+01 -6.01753804E+01  3.00000000E+01  9.00000000E+02  1.13546927E-02  7.35044635E-01
  8.77452746E+02 -2.66641323E+03 -2.53369333E+03 -1.22791652E+02 -1.78896048E+03 -1.58016048E+03  3.02569913E+01 -9.19452837E+01 -6.16882924E+01  2.90000000E+01  8.41000000E+02  1.09762030E-02  7.30085536E-01
  9.46345125E+02 -2.75561832E+03 -2.61889375E+03 -1.26243395E+02 -1.80927319E+03 -1.59327319E+03  3.15448375E+01 -9.18539438E+01 -6.03091063E+01  3.00000000E+01  9.00000000E+02  1.13546927E-02  7.34897971E-01
  8.76805817E+02 -2.66658339E+03 -2.53348202E+03 -1.23155333E+02 -1.78977757E+03 -1.58097757E+03  3.02346834E+01 -9.19511512E+01 -6.17164679E+01  2.90000000E+01  8.41000000E+02  1.09762030E-02  9.99749593E-01
  8.78856742E+02 -2.66641553E+03 -2.53358478E+03 -1.22889043E+02 -1.78755878E+03 -1.57875878E+03  3.03054049E+01 -9.19453630E+01 -6.16399581E+01  2.90000000E+01  8.41000000E+02  1.09762030E-02  9.98956702E-01
  8.77272850E+02 -2.66712283E+03 -2.53463792E+03 -1.22759290E+02 -1.78984998E+03 -1.58104998E+03  3.02507879E+01 -9.19697527E+01 -6.17189647E+01  2.90000000E+01  8.41000000E+02  1.09762030E-02  7.29602105E-01
  9.45452149E+02 -2.75451524E+03 -2.61755246E+03 -1.26215726E+02 -1.80906309E+03 -1.59306309E+03  3.15150716E+01 -9.18171746E+01 -6.03021030E+01  3.00000000E+01  9.00000000E+02  1.13546927E-02  7.34692617E-01
  8.75641613E+02 -2.66653816E+03 -2.53403785E+03 -1.22777905E+02 -1.79089655E+03 -1.58209655E+03  3.01945384E+01 -9.19495919E+01 -6.17550535E+01  2.90000000E+01  8.41000000E+02  1.09762030E-02  7.32099439E-01
  9.47620121E+02 -2.75468610E+03 -2.61748122E+03 -1.26308841E+02 -1.80706598E+03 -1.59108549E+03  3.15902155E+01 -9.18311634E+01 -6.02409479E+01  2.99972907E+01  8.99840149E+02  1.13536672E-02  8.79563041E-01
  9.45637894E+02 -2.75396271E+03 -2.61781055E+03 -1.25665591E+02 -1.80832481E+03 -1.59232481E+03  3.15212631E+01 -9.17987569E+01 -6.02774938E+01  3.00000000E+01  9.00000000E+02  1.13546927E-02  1.00000000E+00
  8.74522619E+02 -2.66634966E+03 -2.53430164E+03 -1.22415025E+02 -1.79182704E+03 -1.58302704E+03  3.01559524E+01 -9.19430918E+01 -6.17871394E+01  2.90000000E+01  8.41000000E+02  1.09762030E-02  9.99574600E-01
  8.77437068E+02 -2.66608628E+03 -2.53355661E+03 -1.22558635E+02 -1.78864921E+03 -1.57984921E+03  3.02564506E+01 -9.19340097E+01 -6.16775591E+01  2.90000000E+01  8.41000000E+02  1.09762030E-02  9.97151269E-01
  8.13325780E+02 -2.57237419E+03 -2.44837188E+03 -1.14781398E+02 -1.75904841E+03 -1.55744841E+03  2.90473493E+01 -9.18705067E+01 -6.28231574E+01  2.80000000E+01  7.84000000E+02  1.05977132E-02  9.99810651E-01
  8.75184081E+02 -2.66732391E+03 -2.53453729E+03 -1.22862572E+02 -1.79213983E+03 -1.58333983E+03  3.01787614E+01 -9.19766866E+01 -6.17979252E+01  2.90000000E+01  8.41000000E+02  1.09762030E-02  9.79791143E-01
  8.80230007E+02 -2.67127635E+03 -2.53858052E+03 -1.22943594E+02 -1.79104634E+03 -1.58188381E+03  3.02981383E+01 -9.19537025E+01 -6.16555642E+01  2.90503507E+01  8.43970689E+02  1.09952602E-02  8.51258931E-01
  9.48625125E+02 -2.75533891E+03 -2.61816105E+03 -1.26600075E+02 -1.80671379E+03 -1.59071379E+03  3.16208375E+01 -9.18446304E+01 -6.02237929E+01  3.00000000E+01  9.00000000E+02  1.13546927E-02  9.99946207E-01
  9.15024335E+02 -2.71351441E+03 -2.57878329E+03 -1.24553240E+02 -1.79849008E+03 -1.58587115E+03  3.09766258E+01 -9.18897067E+01 -6.09130809E+01  2.95304067E+01  8.72293993E+02  1.11769565E-02  8.64480316E-01
  8.76371488E+02 -2.66634572E+03 -2.53379469E+03 -1.22815501E+02 -1.78997423E+03 -1.58117423E+03  3.02197065E+01 -9.19429557E+01 -6.17232492E+01  2.90000000E+01  8.41000000E+02  1.09762030E-02  9.92298419E-01
  9.48668414E+02 -2.75571266E+03 -2.61842404E+03 -1.26574571E+02 -1.80704425E+03 -1.59104425E+03  3.16222805E+01 -9.18570886E+01 -6.02348082E+01  3.00000000E+01  9.00000000E+02  1.13546927E-02  8.80007055E-01
  9.09597417E+02 -2.70786141E+03 -2.57315682E+03 -1.24387046E+02 -1.79826399E+03 -1.58607966E+03  3.08517320E+01 -9.18858205E+01 -6.10340885E+01  2.94700453E+01  8.68732675E+02  1.11541103E-02  8.71456344E-01
  8.76813602E+02 -2.66666132E+03 -2.53387097E+03 -1.22877061E+02 -1.78984772E+03 -1.58104772E+03  3.02349518E+01 -9.19538388E+01 -6.17188870E+01  2.90000000E+01  8.41000000E+02  1.09762030E-02  8.75971849E-01
  8.81145917E+02 -2.66668327E+03 -2.53416128E+03 -1.22679054E+02 -1.78553735E+03 -1.57673735E+03  3.03843420E+01 -9.19545955E+01 -6.15702535E+01  2.90000000E+01  8.41000000E+02  1.09762030E-02  7.28494211E-01
  9.47340664E+02 -2.75547665E+03 -2.61798465E+03 -1.26545182E+02 -1.80813599E+03 -1.59213599E+03  3.15780221E+01 -9.18492217E+01 -6.02711996E+01  3.00000000E+01  9.00000000E+02  1.13546927E-02  1.00000000E+00
  8.91893541E+02 -2.68470265E+03 -2.55137401E+03 -1.23406452E+02 -1.79280911E+03 -1.58253044E+03  3.05317370E+01 -9.19253918E+01 -6.13936548E+01  2.92053707E+01  8.53116869E+02  1.10539337E-02  7.87707113E-01
  9.14197000E+02 -2.71104509E+03 -2.57624922E+03 -1.24613327E+02 -1.79684809E+03 -1.58442649E+03  3.09755008E+01 -9.18916239E+01 -6.09161231E+01  2.95030000E+01  8.70677000E+02  1.11665833E-02  7.32271899E-01
  8.75138597E+02 -2.66672573E+03 -2.53411772E+03 -1.22600904E+02 -1.79158713E+03 -1.58278713E+03  3.01771930E+01 -9.19560597E+01 -6.17788667E+01  2.90000000E+01  8.41000000E+02  1.09762030E-02  7.29690006E-01
  9.47214716E+02 -2.75529187E+03 -2.61803458E+03 -1.26846943E+02 -1.80807715E+03 -1.59207715E+03  3.15738239E+01 -9.18430623E+01 -6.02692384E+01  3.00000000E+01  9.00000000E+02  1.13546927E-02  7.35339724E-01
  8.74231322E+02 -2.66642551E+03 -2.53400775E+03 -1.22537967E+02 -1.79219419E+03 -1.58339419E+03  3.01459077E+01 -9.19457074E+01 -6.17997997E+01  2.90000000E+01  8.41000000E+02  1.09762030E-02  9.92236001E-01
  8.75219625E+02 -2.66599511E+03 -2.53360031E+03 -1.22522764E+02 -1.79077549E+03 -1.58197549E+03  3.01799871E+01 -9.19308659E+01 -6.17508789E+01  2.90000000E+01  8.41000000E+02  1.09762030E-02  9.18713752E-01
  8.74443231E+02 -2.66689666E+03 -2.53417311E+03 -1.22957582E+02 -1.79245343E+03 -1.58365343E+03  3.01532149E+01 -9.19619539E+01 -6.18087390E+01  2.90000000E+01  8.41000000E+02  1.09762030E-02  7.30505014E-01
  9.46901256E+02 -2.75515054E+03 -2.61795781E+03 -1.26384070E+02 -1.80824929E+03 -1.59224929E+03  3.15633752E+01 -9.18383515E+01 -6.02749763E+01  3.00000000E+01  9.00000000E+02  1.13546927E-02  7.33464322E-01
  8.76560776E+02 -2.66638308E+03 -2.53420936E+03 -1.22411172E+02 -1.78982230E+03 -1.58102230E+03  3.02262336E+01 -9.19442441E+01 -6.17180105E+01  2.90000000E+01  8.41000000E+02  1.09762030E-02  1.00000000E+00
  9.49299953E+02 -2.75548080E+03 -2.61845668E+03 -1.26468061E+02 -1.80618084E+03 -1.59018084E+03  3.16433318E+01 -9.18493599E+01 -6.02060281E+01  3.00000000E+01  9.00000000E+02  1.13546927E-02  1.00000000E+00
  9.45329130E+02 -2.75494435E+03 -2.61811340E+03 -1.26356644E+02 -1.80961522E+03 -1.59361522E+03  3.15109710E+01 -9.18314785E+01 -6.03205075E+01  3.00000000E+01  9.00000000E+02  1.13546927E-02  1.00000000E+00
  9.44619809E+02 -2.75492621E+03 -2.61780642E+03 -1.26632002E+02 -1.81030640E+03 -1.59430640E+03  3.14873270E+01 -9.18308737E+01 -6.03435468E+01  3.00000000E+01  9.00000000E+02  1.13546927E-02  7.36462382E-01
  8.78112888E+02 -2.66541024E+03 -2.53280813E+03 -1.22816239E+02 -1.78729735E+03 -1.57849735E+03  3.02797548E+01 -9.19106980E+01 -6.16309432E+01  2.90000000E+01  8.41000000E+02  1.09762030E-02  9.67954607E-01
  9.48055327E+02 -2.75573912E+03 -2.61863729E+03 -1.26449827E+02 -1.80768379E+03 -1.59168379E+03  3.16018442E+01 -9.18579706E+01 -6.02561264E+01  3.00000000E+01  9.00000000E+02  1.13546927E-02  7.34993054E-01
  9.45630850E+02 -2.75415211E+03 -2.61809423E+03 -1.25495709E+02 -1.80852126E+03 -1.59252126E+03  3.15210283E+01 -9.18050703E+01 -6.02840420E+01  3.00000000E+01  9.00000000E+02  1.13546927E-02  1.00000000E+00
  9.02470330E+02 -2.69953474E+03 -2.56536427E+03 -1.24121717E+02 -1.79706441E+03 -1.58558835E+03  3.07148342E+01 -9.19103222E+01 -6.11954880E+01  2.93716747E+01  8.62928805E+02  1.11168780E-02  8.16036847E-01
  9.45247180E+02 -2.75468607E+03 -2.61736761E+03 -1.26370367E+02 -1.80943889E+03 -1.59343889E+03  3.15082393E+01 -9.18228691E+01 -6.03146297E+01  3.00000000E+01  9.00000000E+02  1.13546927E-02  9.80917328E-01
  9.47179547E+02 -2.75572537E+03 -2.61848480E+03 -1.26464980E+02 -1.80854582E+03 -1.59254582E+03  3.15726516E+01 -9.18575123E+01 -6.02848607E+01  3.00000000E+01  9.00000000E+02  1.13546927E-02  7.35656317E-01
  8.79381484E+02 -2.66628185E+03 -2.53366790E+03 -1.22638485E+02 -1.78690036E+03 -1.57810036E+03  3.03234995E+01 -9.19407534E+01 -6.16172539E+01  2.90000000E+01  8.41000000E+02  1.09762030E-02  8.76269286E-01
  9.48778282E+02 -2.75676091E+03 -2.61930888E+03 -1.27068703E+02 -1.80798263E+03 -1.59198263E+03  3.16259427E+01 -9.18920304E+01 -6.02660877E+01  3.00000000E+01  9.00000000E+02  1.13546927E-02  1.00000000E+00
  8.74886980E+02 -2.66628515E+03 -2.53379282E+03 -1.22459086E+02 -1.79139817E+03 -1.58259817E+03  3.01685166E+01 -9.19408671E+01 -6.17723505E+01  2.90000000E+01  8.41000000E+02  1.09762030E-02  7.29190470E-01
  8.76913906E+02 -2.66703027E+03 -2.53449883E+03 -1.22783250E+02 -1.79011637E+03 -1.58131637E+03  3.02384105E+01 -9.19665611E+01 -6.17281505E+01  2.90000000E+01  8.41000000E+02  1.09762030E-02  7.30280847E-01
  9.46081831E+02 -2.75448476E+03 -2.61777531E+03 -1.26194753E+02 -1.80840293E+03 -1.59240293E+03  3.15360610E+01 -9.18161586E+01 -6.02800975E+01  3.00000000E+01  9.00000000E+02  1.13546927E-02  1.00000000E+00
  8.75240057E+02 -2.66594605E+03 -2.53336558E+03 -1.22692535E+02 -1.79070600E+03 -1.58190600E+03  3.01806916E+01 -9.19291743E+01 -6.17484827E+01  2.90000000E+01  8.41000000E+02  1.09762030E-02  9.97102778E-01
  8.78804341E+02 -2.66519815E+03 -2.53274019E+03 -1.22437902E+02 -1.78639381E+03 -1.57759381E+03  3.03035980E+01 -9.19033846E+01 -6.15997866E+01  2.90000000E+01  8.41000000E+02  1.09762030E-02  9.87429042E-01
  8.78668423E+02 -2.66618016E+03 -2.53357226E+03 -1.22753880E+02 -1.78751174E+03 -1.57871174E+03  3.02989111E+01 -9.19372470E+01 -6.16383358E+01  2.90000000E+01  8.41000000E+02  1.09762030E-02  9.95174805E-01
  9.43150341E+02 -2.75395331E+03 -2.61730800E+03 -1.25786101E+02 -1.81080297E+03 -1.59480297E+03  3.14383447E+01 -9.17984436E+01 -6.03600989E+01  3.00000000E+01  9.00000000E+02  1.13546927E-02  1.00000000E+00
  9.46337004E+02 -2.75527532E+03 -2.61790256E+03 -1.26642435E+02 -1.80893832E+03 -1.59293832E+03  3.15445668E+01 -9.18425107E+01 -6.02979439E+01  3.00000000E+01  9.00000000E+02  1.13546927E-02  1.00000000E+00
  9.47310226E+02 -2.75442265E+03 -2.61732563E+03 -1.26021952E+02 -1.80711243E+03 -1.59111243E+03  3.15770075E+01 -9.18140884E+01 -6.02370808E+01  3.00000000E+01  9.00000000E+02  1.13546927E-02  1.00000000E+00
  8.75929941E+02 -2.66558858E+03 -2.53334931E+03 -1.22461550E+02 -1.78965864E+03 -1.58085864E+03  3.02044807E+01 -9.19168477E+01 -6.17123669E+01  2.90000000E+01  8.41000000E+02  1.09762030E-02  9.79911012E-01
