# PIMCID: 3c52133c-05a3-4268-a034-c607fe93950b
#    Number Bins
            6776
            6589
            6491
            6615
            6198
            6772
            6308
            6819
            6567
            6668
            6417
            6688
            6562
            6791
            6731
            6581
            6795
            6959
            6838
            6754
            6569
            6536
            6934
            6656
            6965
            6720
            6775
            6656
            6704
            6741
            6699
            6686
            6733
            6608
            6757
            6659
            6823
            6727
            6707
            6907
            6553
            6761
            6734
            6849
            6849
            6761
            6685
            6631
