# PIMCID: b561ebee-926e-4877-8859-9a9056ff72c9
#    Number Bins
            6373
            6338
            6178
            6439
            6355
            6459
            6300
            6419
            6473
            6156
            6399
            6310
            6244
            6335
            6432
            6348
            6346
            6346
            6543
            6432
            6463
            6440
            6286
            6427
            6548
            6228
            6483
            6400
            6454
            6452
            6424
            6493
            6645
            6362
            6538
            6241
            6467
            6565
            6377
            6171
            6146
            6506
            6514
            6363
            6302
            6375
            6428
            6234
