# PIMCID: b561ebee-926e-4877-8859-9a9056ff72c9
#              K               V           V_ext           V_int               E            E_mu             K/N             V/N             E/N               N             N^2         density        diagonal
  9.42838942E+02 -2.74489665E+03 -2.60844402E+03 -1.25696363E+02 -1.80205771E+03 -1.58686444E+03  3.15412546E+01 -9.18401370E+01 -6.02988824E+01  2.98879539E+01  8.93389278E+02  1.13122844E-02  6.97131735E-01
  1.02223534E+03 -2.83539482E+03 -2.70044002E+03 -1.23218205E+02 -1.81315948E+03 -1.58995948E+03  3.29753337E+01 -9.14643491E+01 -5.84890155E+01  3.10000000E+01  9.61000000E+02  1.17331825E-02  7.06284586E-01
  9.48577496E+02 -2.75484888E+03 -2.61824184E+03 -1.25758384E+02 -1.80627139E+03 -1.59027139E+03  3.16192499E+01 -9.18282961E+01 -6.02090462E+01  3.00000000E+01  9.00000000E+02  1.13546927E-02  6.91265189E-01
  9.47392738E+02 -2.75438703E+03 -2.61725430E+03 -1.25966930E+02 -1.80699430E+03 -1.59099430E+03  3.15797579E+01 -9.18129011E+01 -6.02331432E+01  3.00000000E+01  9.00000000E+02  1.13546927E-02  8.19510601E-01
  9.46597526E+02 -2.75347170E+03 -2.61736534E+03 -1.25524882E+02 -1.80687418E+03 -1.59087418E+03  3.15532509E+01 -9.17823902E+01 -6.02291393E+01  3.00000000E+01  9.00000000E+02  1.13546927E-02  6.43340814E-01
  9.49363677E+02 -2.75426015E+03 -2.61758855E+03 -1.25969091E+02 -1.80489647E+03 -1.58889647E+03  3.16454559E+01 -9.18086716E+01 -6.01632157E+01  3.00000000E+01  9.00000000E+02  1.13546927E-02  7.13746669E-01
  9.48368710E+02 -2.75434446E+03 -2.61771192E+03 -1.26143402E+02 -1.80597575E+03 -1.58997575E+03  3.16122903E+01 -9.18114820E+01 -6.01991917E+01  3.00000000E+01  9.00000000E+02  1.13546927E-02  7.37587254E-01
  9.82309686E+02 -2.78904929E+03 -2.65245988E+03 -1.25278399E+02 -1.80673960E+03 -1.58774089E+03  3.22838024E+01 -9.16983031E+01 -5.94145007E+01  3.04164885E+01  9.25405802E+02  1.15123294E-02  8.78533765E-01
  9.49632753E+02 -2.75497799E+03 -2.61806117E+03 -1.26017098E+02 -1.80534523E+03 -1.58934523E+03  3.16544251E+01 -9.18325995E+01 -6.01781744E+01  3.00000000E+01  9.00000000E+02  1.13546927E-02  7.01162681E-01
  9.48197774E+02 -2.75548501E+03 -2.61807974E+03 -1.26795801E+02 -1.80728724E+03 -1.59128724E+03  3.16065925E+01 -9.18495004E+01 -6.02429080E+01  3.00000000E+01  9.00000000E+02  1.13546927E-02  6.45052115E-01
  9.49455275E+02 -2.75374986E+03 -2.61710106E+03 -1.26036286E+02 -1.80429459E+03 -1.58829459E+03  3.16485092E+01 -9.17916620E+01 -6.01431529E+01  3.00000000E+01  9.00000000E+02  1.13546927E-02  7.12297510E-01
  9.33935293E+02 -2.73872485E+03 -2.60261138E+03 -1.25630062E+02 -1.80478955E+03 -1.59016619E+03  3.13237808E+01 -9.18767631E+01 -6.05529823E+01  2.98088003E+01  8.88719219E+02  1.12823256E-02  6.96847673E-01
  9.34393058E+02 -2.73742819E+03 -2.60176093E+03 -1.25050267E+02 -1.80303513E+03 -1.58840959E+03  3.13391899E+01 -9.18322166E+01 -6.04930267E+01  2.98091031E+01  8.88737085E+02  1.12824402E-02  6.42292606E-01
  9.48350900E+02 -2.75462321E+03 -2.61791954E+03 -1.25908075E+02 -1.80627231E+03 -1.59027231E+03  3.16116967E+01 -9.18207735E+01 -6.02090769E+01  3.00000000E+01  9.00000000E+02  1.13546927E-02  7.07483878E-01
  9.48358542E+02 -2.75538126E+03 -2.61784376E+03 -1.26533621E+02 -1.80702272E+03 -1.59102272E+03  3.16119514E+01 -9.18460421E+01 -6.02340906E+01  3.00000000E+01  9.00000000E+02  1.13546927E-02  8.19936486E-01
  9.48008142E+02 -2.75414108E+03 -2.61750825E+03 -1.25734675E+02 -1.80613294E+03 -1.59013294E+03  3.16002714E+01 -9.18047027E+01 -6.02044313E+01  3.00000000E+01  9.00000000E+02  1.13546927E-02  7.04384277E-01
  9.46905281E+02 -2.75490529E+03 -2.61793391E+03 -1.26155984E+02 -1.80800001E+03 -1.59200001E+03  3.15635094E+01 -9.18301763E+01 -6.02666669E+01  3.00000000E+01  9.00000000E+02  1.13546927E-02  7.00789933E-01
  9.48251948E+02 -2.75467484E+03 -2.61776560E+03 -1.26011059E+02 -1.80642289E+03 -1.59042289E+03  3.16083983E+01 -9.18224946E+01 -6.02140963E+01  3.00000000E+01  9.00000000E+02  1.13546927E-02  7.09559445E-01
  9.48626307E+02 -2.75517830E+03 -2.61823814E+03 -1.26193601E+02 -1.80655199E+03 -1.59055199E+03  3.16208769E+01 -9.18392767E+01 -6.02183998E+01  3.00000000E+01  9.00000000E+02  1.13546927E-02  6.44140636E-01
  9.48527559E+02 -2.75555412E+03 -2.61835576E+03 -1.26413717E+02 -1.80702656E+03 -1.59102656E+03  3.16175853E+01 -9.18518039E+01 -6.02342186E+01  3.00000000E+01  9.00000000E+02  1.13546927E-02  7.41981743E-01
  9.47381473E+02 -2.75465148E+03 -2.61847002E+03 -1.25438393E+02 -1.80727001E+03 -1.59127001E+03  3.15793824E+01 -9.18217161E+01 -6.02423337E+01  3.00000000E+01  9.00000000E+02  1.13546927E-02  7.05324316E-01
  9.51310603E+02 -2.75525339E+03 -2.61818544E+03 -1.26177829E+02 -1.80394279E+03 -1.58794279E+03  3.17103534E+01 -9.18417797E+01 -6.01314262E+01  3.00000000E+01  9.00000000E+02  1.13546927E-02  7.25922341E-01
  9.45443775E+02 -2.75504064E+03 -2.61819689E+03 -1.26058981E+02 -1.80959686E+03 -1.59359686E+03  3.15147925E+01 -9.18346879E+01 -6.03198954E+01  3.00000000E+01  9.00000000E+02  1.13546927E-02  7.37396227E-01
  9.46909511E+02 -2.75489264E+03 -2.61816919E+03 -1.26054848E+02 -1.80798312E+03 -1.59198312E+03  3.15636504E+01 -9.18297545E+01 -6.02661042E+01  3.00000000E+01  9.00000000E+02  1.13546927E-02  6.97243461E-01
  9.48031433E+02 -2.75461472E+03 -2.61803018E+03 -1.25821868E+02 -1.80658329E+03 -1.59058329E+03  3.16010478E+01 -9.18204908E+01 -6.02194430E+01  3.00000000E+01  9.00000000E+02  1.13546927E-02  6.99604933E-01
  9.47411663E+02 -2.75398459E+03 -2.61758286E+03 -1.25509728E+02 -1.80657293E+03 -1.59057483E+03  3.15806844E+01 -9.18003012E+01 -6.02196168E+01  2.99997367E+01  8.99984464E+02  1.13545930E-02  6.43276799E-01
  9.44399232E+02 -2.75491954E+03 -2.61742296E+03 -1.26432192E+02 -1.81052031E+03 -1.59452031E+03  3.14799744E+01 -9.18306515E+01 -6.03506771E+01  3.00000000E+01  9.00000000E+02  1.13546927E-02  7.04910787E-01
  9.49361223E+02 -2.75541026E+03 -2.61827419E+03 -1.26350175E+02 -1.80604904E+03 -1.59004904E+03  3.16453741E+01 -9.18470088E+01 -6.02016347E+01  3.00000000E+01  9.00000000E+02  1.13546927E-02  6.43711582E-01
  9.49352626E+02 -2.75459039E+03 -2.61782744E+03 -1.25977972E+02 -1.80523776E+03 -1.58923776E+03  3.16450875E+01 -9.18196796E+01 -6.01745921E+01  3.00000000E+01  9.00000000E+02  1.13546927E-02  6.98727242E-01
  9.32480171E+02 -2.73447790E+03 -2.59857319E+03 -1.25124956E+02 -1.80199773E+03 -1.58765759E+03  3.13159692E+01 -9.18561434E+01 -6.05401742E+01  2.97694637E+01  8.86398360E+02  1.12674371E-02  6.40711830E-01
  9.50452715E+02 -2.75477185E+03 -2.61774017E+03 -1.26239396E+02 -1.80431913E+03 -1.58831913E+03  3.16817572E+01 -9.18257283E+01 -6.01439711E+01  3.00000000E+01  9.00000000E+02  1.13546927E-02  7.08372860E-01
  9.48894544E+02 -2.75474614E+03 -2.61796445E+03 -1.25982241E+02 -1.80585160E+03 -1.58985160E+03  3.16298181E+01 -9.18248713E+01 -6.01950532E+01  3.00000000E+01  9.00000000E+02  1.13546927E-02  6.43698871E-01
  8.87958511E+02 -2.67536726E+03 -2.54228530E+03 -1.23168914E+02 -1.78740875E+03 -1.57788878E+03  3.05090013E+01 -9.19373811E+01 -6.14283799E+01  2.90999955E+01  8.46899734E+02  1.10140503E-02  8.16192179E-01
  9.50865501E+02 -2.75457218E+03 -2.61817678E+03 -1.25513476E+02 -1.80370667E+03 -1.58770667E+03  3.16955167E+01 -9.18190725E+01 -6.01235558E+01  3.00000000E+01  9.00000000E+02  1.13546927E-02  7.00125803E-01
  9.51968925E+02 -2.75401351E+03 -2.61776319E+03 -1.25547689E+02 -1.80204458E+03 -1.58604458E+03  3.17322975E+01 -9.18004503E+01 -6.00681527E+01  3.00000000E+01  9.00000000E+02  1.13546927E-02  7.68372147E-01
  9.48974750E+02 -2.75480893E+03 -2.61748511E+03 -1.26529669E+02 -1.80583418E+03 -1.58983418E+03  3.16324917E+01 -9.18269642E+01 -6.01944726E+01  3.00000000E+01  9.00000000E+02  1.13546927E-02  6.99393314E-01
  9.46603259E+02 -2.75278950E+03 -2.61660227E+03 -1.25449617E+02 -1.80618624E+03 -1.59025035E+03  3.15563939E+01 -9.17877181E+01 -6.02313242E+01  2.99910963E+01  8.99589250E+02  1.13513228E-02  6.95362456E-01
  9.37064914E+02 -2.74081346E+03 -2.60447315E+03 -1.25511013E+02 -1.80374854E+03 -1.58891060E+03  3.13972012E+01 -9.18550571E+01 -6.04578559E+01  2.98386032E+01  8.90477589E+02  1.12936057E-02  7.11666973E-01
  9.49179424E+02 -2.75494134E+03 -2.61809366E+03 -1.26148451E+02 -1.80576192E+03 -1.58976192E+03  3.16393141E+01 -9.18313781E+01 -6.01920640E+01  3.00000000E+01  9.00000000E+02  1.13546927E-02  6.99944017E-01
  9.48853409E+02 -2.75606576E+03 -2.61878695E+03 -1.26625157E+02 -1.80721235E+03 -1.59121235E+03  3.16284470E+01 -9.18688586E+01 -6.02404117E+01  3.00000000E+01  9.00000000E+02  1.13546927E-02  6.95100848E-01
  9.48431860E+02 -2.75363498E+03 -2.61719961E+03 -1.25508041E+02 -1.80520312E+03 -1.58920312E+03  3.16143953E+01 -9.17878326E+01 -6.01734373E+01  3.00000000E+01  9.00000000E+02  1.13546927E-02  7.05714875E-01
  9.48045224E+02 -2.75450936E+03 -2.61796683E+03 -1.25789889E+02 -1.80646413E+03 -1.59046413E+03  3.16015075E+01 -9.18169786E+01 -6.02154711E+01  3.00000000E+01  9.00000000E+02  1.13546927E-02  6.96257346E-01
  9.46644971E+02 -2.75453370E+03 -2.61795372E+03 -1.25745708E+02 -1.80788873E+03 -1.59188873E+03  3.15548324E+01 -9.18177901E+01 -6.02629577E+01  3.00000000E+01  9.00000000E+02  1.13546927E-02  6.44375297E-01
  9.47407697E+02 -2.75465116E+03 -2.61781490E+03 -1.26028330E+02 -1.80724346E+03 -1.59124346E+03  3.15802566E+01 -9.18217052E+01 -6.02414486E+01  3.00000000E+01  9.00000000E+02  1.13546927E-02  7.09753575E-01
  9.47996990E+02 -2.75460733E+03 -2.61819733E+03 -1.25745906E+02 -1.80661033E+03 -1.59061033E+03  3.15998997E+01 -9.18202442E+01 -6.02203445E+01  3.00000000E+01  9.00000000E+02  1.13546927E-02  7.11022760E-01
  9.47797023E+02 -2.75456775E+03 -2.61730218E+03 -1.26177411E+02 -1.80677072E+03 -1.59077072E+03  3.15932341E+01 -9.18189248E+01 -6.02256908E+01  3.00000000E+01  9.00000000E+02  1.13546927E-02  6.98237985E-01
  9.46562810E+02 -2.75460908E+03 -2.61777010E+03 -1.25848165E+02 -1.80804627E+03 -1.59204627E+03  3.15520937E+01 -9.18203026E+01 -6.02682090E+01  3.00000000E+01  9.00000000E+02  1.13546927E-02  7.83384342E-01
  9.42458215E+02 -2.74814714E+03 -2.61149853E+03 -1.25876842E+02 -1.80568893E+03 -1.59018459E+03  3.14845878E+01 -9.18157723E+01 -6.03311845E+01  2.99311582E+01  8.95938332E+02  1.13286368E-02  7.52787109E-01
