# PIMCID: 3c52133c-05a3-4268-a034-c607fe93950b
#    Number Bins
            6775
            6588
            6491
            6614
            6197
            6771
            6307
            6818
            6566
            6667
            6416
            6687
            6561
            6790
            6730
            6580
            6794
            6958
            6838
            6754
            6568
            6535
            6933
            6655
            6964
            6719
            6774
            6655
            6703
            6740
            6698
            6685
            6733
            6607
            6756
            6659
            6822
            6726
            6707
            6907
            6552
            6760
            6733
            6849
            6849
            6760
            6684
            6631
