# PIMCID: 90c3473b-d754-47ac-8e97-3e968a3d4b81
#    Number Bins
           67165
           67154
           67257
           67205
           67140
           67197
           67115
           67151
           67121
           67069
           67097
           67172
           67196
           67141
           67165
           67115
           67255
           67144
           67200
           67052
           67180
           67241
           67096
           67257
           67235
           67137
           67209
           67057
           67199
           67105
           67266
           67059
           66965
           67232
           67163
           67151
           66938
           67193
           67080
           67080
           67098
           67197
           67019
           67228
           67151
           67185
           66915
           66867
