# PIMCID: da03fbc4-8ec4-4b18-8380-d712af500267
#    Number Bins
           67663
           67589
           67373
           67524
           67528
           67425
           67543
           67643
           67458
           67463
           67671
           67611
           67495
           67570
           67609
           67635
           67649
           67640
           67390
           67571
           67674
           67047
           67671
           67642
           67560
           67621
           67428
           67574
           67554
           67730
           67557
           67612
           67624
           67521
           67679
           67680
           67365
           67593
           67585
           67437
           67683
           67625
           67677
           67749
           67590
           67736
           67579
           67755
