# PIMCID: 70e3a439-024d-4062-bf5b-0640e6b539fb
#    Number Bins
           68797
           68841
           68964
           69056
           68717
           68791
           69000
           68998
           68913
           68580
           68970
           69025
           68675
           69089
           68873
           68901
           68780
           68956
           68958
           68896
           68811
           68919
           68776
           68943
           68977
           69032
           68710
           68747
           68966
           68140
           68689
           68488
           68828
           68723
           68784
           69003
           68739
           69040
           68563
           68752
           68739
           68730
           68777
           68226
           68861
           68654
           68896
           68829
