# PIMCID: 2837db30-7e69-4934-be99-7ae85e7a13b3
#    Number Bins
           53382
           53266
           53518
           53525
           53646
           53539
           53316
           53412
           53681
           53906
           53684
           53478
           53255
           53250
           53490
           53355
           53030
           51873
           52921
           53159
           53354
           53284
           53614
           52968
           53580
           53424
           53638
           53399
           53540
           53922
           53569
           53930
           54094
           53473
           53976
           54267
           53595
           53873
           53803
           54099
           53309
           53907
           53766
           53991
           53731
           53375
           53841
           52963
