# PIMCID: 70e3a439-024d-4062-bf5b-0640e6b539fb
#    Number Bins
           68797
           68840
           68963
           69054
           68715
           68791
           68999
           68998
           68911
           68578
           68969
           69023
           68674
           69088
           68872
           68899
           68780
           68955
           68958
           68894
           68809
           68919
           68775
           68941
           68976
           69030
           68709
           68745
           68966
           68139
           68687
           68486
           68827
           68722
           68783
           69001
           68737
           69038
           68561
           68750
           68738
           68729
           68776
           68225
           68860
           68652
           68894
           68828
