# PIMCID: da03fbc4-8ec4-4b18-8380-d712af500267
#    Number Bins
           67665
           67591
           67375
           67526
           67530
           67427
           67545
           67645
           67460
           67465
           67673
           67613
           67497
           67572
           67611
           67637
           67651
           67642
           67392
           67573
           67676
           67049
           67673
           67644
           67561
           67623
           67430
           67576
           67556
           67732
           67559
           67614
           67626
           67523
           67680
           67682
           67367
           67595
           67587
           67439
           67685
           67627
           67679
           67751
           67592
           67738
           67581
           67757
