# PIMCID: 90c3473b-d754-47ac-8e97-3e968a3d4b81
#    Number Bins
           67165
           67155
           67258
           67206
           67141
           67198
           67116
           67152
           67122
           67069
           67098
           67173
           67196
           67142
           67166
           67116
           67256
           67145
           67201
           67052
           67181
           67242
           67097
           67258
           67236
           67138
           67210
           67058
           67200
           67106
           67267
           67059
           66966
           67233
           67163
           67152
           66939
           67194
           67081
           67081
           67099
           67198
           67020
           67229
           67152
           67185
           66916
           66868
