# PIMCID: 2837db30-7e69-4934-be99-7ae85e7a13b3
#    Number Bins
           53382
           53264
           53515
           53524
           53645
           53536
           53313
           53410
           53679
           53903
           53682
           53476
           53252
           53248
           53488
           53353
           53029
           51871
           52920
           53157
           53351
           53281
           53613
           52967
           53579
           53421
           53636
           53396
           53538
           53920
           53567
           53928
           54091
           53471
           53973
           54265
           53593
           53870
           53801
           54096
           53307
           53904
           53764
           53988
           53729
           53373
           53840
           52960
