#                   T = 0.50                                        T = 1.00                                        T = 1.50                                        T = 2.00                    
#          r [Å]            ρ(r)           Δρ(r)           r [Å]            ρ(r)           Δρ(r)           r [Å]            ρ(r)           Δρ(r)           r [Å]            ρ(r)           Δρ(r)
  0.00000000E+00  2.62420234E-01  1.53776614E-04  0.00000000E+00  2.62537731E-01  1.95886494E-04  0.00000000E+00  2.63287407E-01  2.28002925E-04  0.00000000E+00  2.64131914E-01  1.75933269E-04
  1.45000000E-02  2.62100095E-01  1.54173426E-04  1.45000000E-02  2.62398963E-01  1.88189911E-04  1.45000000E-02  2.63072672E-01  2.18807665E-04  1.45000000E-02  2.63808477E-01  1.51076143E-04
  2.90000000E-02  2.61696418E-01  1.48579604E-04  2.90000000E-02  2.61894435E-01  1.95650864E-04  2.90000000E-02  2.62646464E-01  2.26962289E-04  2.90000000E-02  2.63304781E-01  1.63823532E-04
  4.35000000E-02  2.61006285E-01  1.59161152E-04  4.35000000E-02  2.61253535E-01  1.88862368E-04  4.35000000E-02  2.61923637E-01  2.14797805E-04  4.35000000E-02  2.62673960E-01  1.63141317E-04
  5.80000000E-02  2.60056448E-01  1.56400063E-04  5.80000000E-02  2.60280169E-01  1.84192852E-04  5.80000000E-02  2.61009924E-01  2.17750725E-04  5.80000000E-02  2.61727861E-01  1.59603900E-04
  7.25000000E-02  2.58902367E-01  1.58039083E-04  7.25000000E-02  2.59145966E-01  1.88178553E-04  7.25000000E-02  2.59888725E-01  2.17381622E-04  7.25000000E-02  2.60546906E-01  1.57973371E-04
  8.70000000E-02  2.57546052E-01  1.49564248E-04  8.70000000E-02  2.57778778E-01  1.89543446E-04  8.70000000E-02  2.58478477E-01  2.22127764E-04  8.70000000E-02  2.59185547E-01  1.59623804E-04
  1.01500000E-01  2.55920894E-01  1.54035974E-04  1.01500000E-01  2.56158611E-01  1.85471633E-04  1.01500000E-01  2.56886268E-01  2.14313276E-04  1.01500000E-01  2.57590072E-01  1.61166371E-04
  1.16000000E-01  2.54160226E-01  1.52356477E-04  1.16000000E-01  2.54331430E-01  1.85662073E-04  1.16000000E-01  2.55065201E-01  2.20688616E-04  1.16000000E-01  2.55758033E-01  1.60236205E-04
  1.30500000E-01  2.52102726E-01  1.45879781E-04  1.30500000E-01  2.52319114E-01  1.90662233E-04  1.30500000E-01  2.53030557E-01  2.18075923E-04  1.30500000E-01  2.53735623E-01  1.56335332E-04
  1.45000000E-01  2.49808255E-01  1.54126906E-04  1.45000000E-01  2.50042856E-01  1.92400453E-04  1.45000000E-01  2.50802051E-01  2.22498817E-04  1.45000000E-01  2.51505193E-01  1.61387189E-04
  1.59500000E-01  2.47359724E-01  1.54332709E-04  1.59500000E-01  2.47566520E-01  1.87988218E-04  1.59500000E-01  2.48301250E-01  2.20539309E-04  1.59500000E-01  2.49034576E-01  1.64157058E-04
  1.74000000E-01  2.44683456E-01  1.58041988E-04  1.74000000E-01  2.44906580E-01  1.91590906E-04  1.74000000E-01  2.45624133E-01  2.21044345E-04  1.74000000E-01  2.46348584E-01  1.55853815E-04
  1.88500000E-01  2.41812456E-01  1.50800685E-04  1.88500000E-01  2.42005168E-01  1.88082597E-04  1.88500000E-01  2.42727040E-01  2.18369551E-04  1.88500000E-01  2.43497276E-01  1.62780965E-04
  2.03000000E-01  2.38709595E-01  1.52280631E-04  2.03000000E-01  2.38970410E-01  1.89414307E-04  2.03000000E-01  2.39663227E-01  2.21533007E-04  2.03000000E-01  2.40414067E-01  1.62888610E-04
  2.17500000E-01  2.35444023E-01  1.55341168E-04  2.17500000E-01  2.35658177E-01  1.91612976E-04  2.17500000E-01  2.36421946E-01  2.19387094E-04  2.17500000E-01  2.37150671E-01  1.61541329E-04
  2.32000000E-01  2.32006537E-01  1.53656827E-04  2.32000000E-01  2.32203920E-01  1.91495351E-04  2.32000000E-01  2.32949753E-01  2.21619216E-04  2.32000000E-01  2.33719258E-01  1.59771654E-04
  2.46500000E-01  2.28367111E-01  1.53003849E-04  2.46500000E-01  2.28580840E-01  1.89065744E-04  2.46500000E-01  2.29324641E-01  2.22291556E-04  2.46500000E-01  2.30073888E-01  1.63531015E-04
  2.61000000E-01  2.24574807E-01  1.55844781E-04  2.61000000E-01  2.24748007E-01  1.88653082E-04  2.61000000E-01  2.25499810E-01  2.22870502E-04  2.61000000E-01  2.26254958E-01  1.63867387E-04
  2.75500000E-01  2.20544810E-01  1.53656138E-04  2.75500000E-01  2.20785513E-01  1.90310521E-04  2.75500000E-01  2.21534827E-01  2.20829206E-04  2.75500000E-01  2.22275522E-01  1.60424160E-04
  2.90000000E-01  2.16417079E-01  1.56675524E-04  2.90000000E-01  2.16648478E-01  1.89062505E-04  2.90000000E-01  2.17397944E-01  2.21488340E-04  2.90000000E-01  2.18147101E-01  1.61019898E-04
  3.04500000E-01  2.12116281E-01  1.55701727E-04  3.04500000E-01  2.12348341E-01  1.87983864E-04  3.04500000E-01  2.13099321E-01  2.22014467E-04  3.04500000E-01  2.13849247E-01  1.62261035E-04
  3.19000000E-01  2.07694071E-01  1.53410292E-04  3.19000000E-01  2.07902233E-01  1.88438194E-04  3.19000000E-01  2.08664150E-01  2.21835934E-04  3.19000000E-01  2.09396955E-01  1.57040984E-04
  3.33500000E-01  2.03120254E-01  1.54071044E-04  3.33500000E-01  2.03334444E-01  1.88836476E-04  3.33500000E-01  2.04072411E-01  2.22300046E-04  3.33500000E-01  2.04831177E-01  1.57638367E-04
  3.48000000E-01  1.98386419E-01  1.54035751E-04  3.48000000E-01  1.98639309E-01  1.90019584E-04  3.48000000E-01  1.99350231E-01  2.19875217E-04  3.48000000E-01  2.00111052E-01  1.60577631E-04
  3.62500000E-01  1.93587073E-01  1.54709254E-04  3.62500000E-01  1.93810820E-01  1.84624128E-04  3.62500000E-01  1.94539213E-01  2.21210621E-04  3.62500000E-01  1.95287778E-01  1.58555700E-04
  3.77000000E-01  1.88635708E-01  1.51097914E-04  3.77000000E-01  1.88860473E-01  1.86990590E-04  3.77000000E-01  1.89598937E-01  2.17097159E-04  3.77000000E-01  1.90337303E-01  1.58614191E-04
  3.91500000E-01  1.83606208E-01  1.50960725E-04  3.91500000E-01  1.83833762E-01  1.86782117E-04  3.91500000E-01  1.84563621E-01  2.18153509E-04  3.91500000E-01  1.85278167E-01  1.59374514E-04
  4.06000000E-01  1.78488271E-01  1.47893228E-04  4.06000000E-01  1.78703038E-01  1.83480800E-04  4.06000000E-01  1.79427371E-01  2.13582395E-04  4.06000000E-01  1.80156103E-01  1.56362898E-04
  4.20500000E-01  1.73269812E-01  1.48864162E-04  4.20500000E-01  1.73500571E-01  1.83862197E-04  4.20500000E-01  1.74215565E-01  2.12189155E-04  4.20500000E-01  1.74930147E-01  1.54503467E-04
  4.35000000E-01  1.67973258E-01  1.47125746E-04  4.35000000E-01  1.68210818E-01  1.81458422E-04  4.35000000E-01  1.68938836E-01  2.12351401E-04  4.35000000E-01  1.69636253E-01  1.51921458E-04
  4.49500000E-01  1.62640241E-01  1.44521363E-04  4.49500000E-01  1.62856238E-01  1.79195833E-04  4.49500000E-01  1.63570442E-01  2.09808524E-04  4.49500000E-01  1.64265434E-01  1.51957130E-04
  4.64000000E-01  1.57252722E-01  1.45018419E-04  4.64000000E-01  1.57474207E-01  1.76647974E-04  4.64000000E-01  1.58166796E-01  2.07948152E-04  4.64000000E-01  1.58864815E-01  1.47609418E-04
  4.78500000E-01  1.51813895E-01  1.42678513E-04  4.78500000E-01  1.52043197E-01  1.76391305E-04  4.78500000E-01  1.52729967E-01  2.05331431E-04  4.78500000E-01  1.53424789E-01  1.48082010E-04
  4.93000000E-01  1.46355710E-01  1.39929863E-04  4.93000000E-01  1.46581170E-01  1.72126180E-04  4.93000000E-01  1.47271124E-01  1.99756246E-04  4.93000000E-01  1.47949973E-01  1.44814628E-04
  5.07500000E-01  1.40888124E-01  1.37686079E-04  5.07500000E-01  1.41092631E-01  1.67671788E-04  5.07500000E-01  1.41767418E-01  1.95806078E-04  5.07500000E-01  1.42439481E-01  1.41655186E-04
  5.22000000E-01  1.35403379E-01  1.36588277E-04  5.22000000E-01  1.35612407E-01  1.63817474E-04  5.22000000E-01  1.36263143E-01  1.93184296E-04  5.22000000E-01  1.36928856E-01  1.40889605E-04
  5.36500000E-01  1.29930644E-01  1.33695197E-04  5.36500000E-01  1.30128269E-01  1.61271737E-04  5.36500000E-01  1.30774287E-01  1.89820220E-04  5.36500000E-01  1.31428239E-01  1.38283153E-04
  5.51000000E-01  1.24486804E-01  1.30189265E-04  5.51000000E-01  1.24676574E-01  1.57531146E-04  5.51000000E-01  1.25295572E-01  1.84813791E-04  5.51000000E-01  1.25931626E-01  1.33321111E-04
  5.65500000E-01  1.19029316E-01  1.26837057E-04  5.65500000E-01  1.19239143E-01  1.54163348E-04  5.65500000E-01  1.19851647E-01  1.80672924E-04  5.65500000E-01  1.20479452E-01  1.29749840E-04
  5.80000000E-01  1.13648093E-01  1.24974293E-04  5.80000000E-01  1.13844544E-01  1.50645522E-04  5.80000000E-01  1.14440016E-01  1.76291767E-04  5.80000000E-01  1.15043095E-01  1.27687701E-04
  5.94500000E-01  1.08295018E-01  1.20076328E-04  5.94500000E-01  1.08497939E-01  1.46815364E-04  5.94500000E-01  1.09077754E-01  1.71120621E-04  5.94500000E-01  1.09665239E-01  1.24643480E-04
  6.09000000E-01  1.03032293E-01  1.16391384E-04  6.09000000E-01  1.03212103E-01  1.42599565E-04  6.09000000E-01  1.03778504E-01  1.67725402E-04  6.09000000E-01  1.04341110E-01  1.20014086E-04
  6.23500000E-01  9.78161052E-02  1.12300544E-04  6.23500000E-01  9.79946131E-02  1.37033769E-04  6.23500000E-01  9.85451016E-02  1.62074671E-04  6.23500000E-01  9.91011520E-02  1.17300418E-04
  6.38000000E-01  9.26900922E-02  1.09502692E-04  6.38000000E-01  9.28499710E-02  1.32085058E-04  6.38000000E-01  9.33906153E-02  1.56467766E-04  6.38000000E-01  9.39323455E-02  1.13197835E-04
  6.52500000E-01  8.76449542E-02  1.04886256E-04  6.52500000E-01  8.78044807E-02  1.28316214E-04  6.52500000E-01  8.83246477E-02  1.50804954E-04  6.52500000E-01  8.88436578E-02  1.10487534E-04
  6.67000000E-01  8.27080688E-02  1.01251105E-04  6.67000000E-01  8.28669636E-02  1.23144306E-04  6.67000000E-01  8.33655909E-02  1.44479283E-04  6.67000000E-01  8.38612725E-02  1.04886703E-04
  6.81500000E-01  7.78716312E-02  9.73076002E-05  6.81500000E-01  7.80300169E-02  1.18112836E-04  6.81500000E-01  7.85083421E-02  1.39699442E-04  6.81500000E-01  7.89835065E-02  1.00322057E-04
  6.96000000E-01  7.31598482E-02  9.37204054E-05  6.96000000E-01  7.33197109E-02  1.13809132E-04  6.96000000E-01  7.37738242E-02  1.32853629E-04  6.96000000E-01  7.42280695E-02  9.61078325E-05
  7.10500000E-01  6.85810565E-02  8.92881468E-05  7.10500000E-01  6.87356534E-02  1.08285400E-04  7.10500000E-01  6.91630783E-02  1.27216573E-04  7.10500000E-01  6.95979622E-02  9.19294078E-05
  7.25000000E-01  6.41315886E-02  8.55475988E-05  7.25000000E-01  6.42701220E-02  1.02783075E-04  7.25000000E-01  6.46879585E-02  1.20302047E-04  7.25000000E-01  6.51073652E-02  8.78314877E-05
  7.39500000E-01  5.98264192E-02  8.07091210E-05  7.39500000E-01  5.99595784E-02  9.78621077E-05  7.39500000E-01  6.03520315E-02  1.14885709E-04  7.39500000E-01  6.07518173E-02  8.28761668E-05
  7.54000000E-01  5.56661538E-02  7.62314824E-05  7.54000000E-01  5.57940853E-02  9.20132790E-05  7.54000000E-01  5.61660653E-02  1.09152957E-04  7.54000000E-01  5.65366257E-02  7.87757275E-05
  7.68500000E-01  5.16518707E-02  7.15795546E-05  7.68500000E-01  5.17699734E-02  8.77111081E-05  7.68500000E-01  5.21262656E-02  1.02516196E-04  7.68500000E-01  5.24811507E-02  7.47653676E-05
  7.83000000E-01  4.78034738E-02  6.87692957E-05  7.83000000E-01  4.79128840E-02  8.21751623E-05  7.83000000E-01  4.82465599E-02  9.65111260E-05  7.83000000E-01  4.85810264E-02  7.13211851E-05
  7.97500000E-01  4.41126351E-02  6.38794524E-05  7.97500000E-01  4.42161771E-02  7.68567376E-05  7.97500000E-01  4.45310760E-02  9.02817996E-05  7.97500000E-01  4.48484997E-02  6.53049218E-05
  8.12000000E-01  4.05833243E-02  5.96809217E-05  8.12000000E-01  4.06814859E-02  7.17112204E-05  8.12000000E-01  4.09791895E-02  8.43747691E-05  8.12000000E-01  4.12714759E-02  6.17182251E-05
  8.26500000E-01  3.72263962E-02  5.58392875E-05  8.26500000E-01  3.73214470E-02  6.71915389E-05  8.26500000E-01  3.75912485E-02  7.92732660E-05  8.26500000E-01  3.78664382E-02  5.69418807E-05
  8.41000000E-01  3.40370914E-02  5.18079381E-05  8.41000000E-01  3.41303219E-02  6.24136836E-05  8.41000000E-01  3.43776402E-02  7.33107054E-05  8.41000000E-01  3.46375942E-02  5.38693920E-05
  8.55500000E-01  3.10175841E-02  4.78083251E-05  8.55500000E-01  3.10988954E-02  5.79148429E-05  8.55500000E-01  3.13338284E-02  6.80108538E-05  8.55500000E-01  3.15705579E-02  4.96191373E-05
  8.70000000E-01  2.81705771E-02  4.46720993E-05  8.70000000E-01  2.82475481E-02  5.28273897E-05  8.70000000E-01  2.84655366E-02  6.27364234E-05  8.70000000E-01  2.86779265E-02  4.57034225E-05
  8.84500000E-01  2.54933765E-02  4.03245343E-05  8.84500000E-01  2.55639717E-02  4.87103060E-05  8.84500000E-01  2.57596913E-02  5.81235612E-05  8.84500000E-01  2.59558754E-02  4.22043301E-05
  8.99000000E-01  2.29833445E-02  3.72263825E-05  8.99000000E-01  2.30462419E-02  4.47645541E-05  8.99000000E-01  2.32230449E-02  5.28358100E-05  8.99000000E-01  2.34095236E-02  3.82902118E-05
  9.13500000E-01  2.06399442E-02  3.48021799E-05  9.13500000E-01  2.06958581E-02  4.03135538E-05  9.13500000E-01  2.08625852E-02  4.76917872E-05  9.13500000E-01  2.10246312E-02  3.53144408E-05
  9.28000000E-01  1.84588128E-02  3.05684609E-05  9.28000000E-01  1.85119908E-02  3.74031754E-05  9.28000000E-01  1.86598984E-02  4.39383030E-05  9.28000000E-01  1.88089040E-02  3.20226576E-05
  9.42500000E-01  1.64362185E-02  2.77882922E-05  9.42500000E-01  1.64861857E-02  3.34188387E-05  9.42500000E-01  1.66228926E-02  3.92807855E-05  9.42500000E-01  1.67548131E-02  2.82434888E-05
  9.57000000E-01  1.45728211E-02  2.55195634E-05  9.57000000E-01  1.46144224E-02  3.04293867E-05  9.57000000E-01  1.47398675E-02  3.54113898E-05  9.57000000E-01  1.48613388E-02  2.56463011E-05
  9.71500000E-01  1.28584625E-02  2.23841218E-05  9.71500000E-01  1.28993257E-02  2.70795381E-05  9.71500000E-01  1.30077445E-02  3.14398859E-05  9.71500000E-01  1.31160847E-02  2.32702870E-05
  9.86000000E-01  1.12916187E-02  2.03942763E-05  9.86000000E-01  1.13273409E-02  2.41950159E-05  9.86000000E-01  1.14251631E-02  2.83745806E-05  9.86000000E-01  1.15190566E-02  2.04928455E-05
  1.00000000E+00  9.86384135E-03  1.78574827E-05  1.00000000E+00  9.89599347E-03  2.11417079E-05  1.00000000E+00  9.97987975E-03  2.46798139E-05  1.00000000E+00  1.00643775E-02  1.81372999E-05
  1.01500000E+00  8.56791550E-03  1.56363802E-05  1.01500000E+00  8.59844168E-03  1.86638915E-05  1.01500000E+00  8.67193117E-03  2.19577831E-05  1.01500000E+00  8.74627331E-03  1.59998123E-05
  1.02900000E+00  7.40276903E-03  1.37509018E-05  1.02900000E+00  7.42816132E-03  1.61047224E-05  1.02900000E+00  7.49251678E-03  1.92303640E-05  1.02900000E+00  7.55719659E-03  1.38937070E-05
  1.04400000E+00  6.35589264E-03  1.19086633E-05  1.04400000E+00  6.37805971E-03  1.42802784E-05  1.04400000E+00  6.43515322E-03  1.65601483E-05  1.04400000E+00  6.49067040E-03  1.19515739E-05
  1.05800000E+00  5.42391572E-03  1.01693230E-05  1.05800000E+00  5.44322708E-03  1.20836991E-05  1.05800000E+00  5.49068702E-03  1.41745773E-05  1.05800000E+00  5.53771667E-03  1.05549250E-05
  1.07300000E+00  4.59664932E-03  8.65276595E-06  1.07300000E+00  4.61338341E-03  1.03943953E-05  1.07300000E+00  4.65537759E-03  1.21402313E-05  1.07300000E+00  4.69425712E-03  8.98888437E-06
  1.08700000E+00  3.86760129E-03  7.41134478E-06  1.08700000E+00  3.88305248E-03  8.96904428E-06  1.08700000E+00  3.91670603E-03  1.04477619E-05  1.08700000E+00  3.95082013E-03  7.52665079E-06
  1.10200000E+00  3.23119443E-03  6.39713649E-06  1.10200000E+00  3.24352761E-03  7.47538821E-06  1.10200000E+00  3.27238247E-03  9.03474528E-06  1.10200000E+00  3.30000178E-03  6.50288015E-06
  1.11600000E+00  2.67768382E-03  5.33670895E-06  1.11600000E+00  2.68810968E-03  6.33020186E-06  1.11600000E+00  2.71144978E-03  7.30216227E-06  1.11600000E+00  2.73579491E-03  5.54497970E-06
  1.13100000E+00  2.19852341E-03  4.50754292E-06  1.13100000E+00  2.20779033E-03  5.22241377E-06  1.13100000E+00  2.22755599E-03  6.35196655E-06  1.13100000E+00  2.24742425E-03  4.38099947E-06
  1.14500000E+00  1.79165486E-03  3.59576615E-06  1.14500000E+00  1.79809512E-03  4.27498094E-06  1.14500000E+00  1.81387148E-03  5.01228064E-06  1.14500000E+00  1.83070333E-03  3.67530994E-06
  1.16000000E+00  1.44482809E-03  3.02695387E-06  1.16000000E+00  1.44998441E-03  3.54153666E-06  1.16000000E+00  1.46177859E-03  4.18511050E-06  1.16000000E+00  1.47525377E-03  3.03266386E-06
  1.17400000E+00  1.15263550E-03  2.32030536E-06  1.17400000E+00  1.15781005E-03  2.84419026E-06  1.17400000E+00  1.16802668E-03  3.31017153E-06  1.17400000E+00  1.17789431E-03  2.50591058E-06
  1.18900000E+00  9.10749682E-04  2.01035484E-06  1.18900000E+00  9.13692908E-04  2.21169761E-06  1.18900000E+00  9.21914867E-04  2.74875322E-06  1.18900000E+00  9.29663713E-04  1.85857597E-06
  1.20400000E+00  7.10702697E-04  1.55515235E-06  1.20400000E+00  7.13809556E-04  1.79025115E-06  1.20400000E+00  7.20311102E-04  2.16513804E-06  1.20400000E+00  7.25719724E-04  1.52113472E-06
  1.21800000E+00  5.48296113E-04  1.20884603E-06  1.21800000E+00  5.51140982E-04  1.35041723E-06  1.21800000E+00  5.54826276E-04  1.65533631E-06  1.21800000E+00  5.59911099E-04  1.19813998E-06
  1.23200000E+00  4.17637822E-04  9.20413482E-07  1.23200000E+00  4.19335633E-04  1.05786120E-06  1.23200000E+00  4.22599132E-04  1.20943203E-06  1.23200000E+00  4.26199667E-04  9.24506118E-07
  1.24700000E+00  3.13669984E-04  7.08464774E-07  1.24700000E+00  3.15111444E-04  7.51405044E-07  1.24700000E+00  3.17464425E-04  9.84298805E-07  1.24700000E+00  3.20038808E-04  7.25693137E-07
  1.26100000E+00  2.32457945E-04  5.68204599E-07  1.26100000E+00  2.33547145E-04  5.56383275E-07  1.26100000E+00  2.35427366E-04  7.31438599E-07  1.26100000E+00  2.37238819E-04  5.59184778E-07
  1.27600000E+00  1.70062054E-04  4.04641714E-07  1.27600000E+00  1.70710544E-04  4.65173969E-07  1.27600000E+00  1.72052068E-04  5.60664094E-07  1.27600000E+00  1.73266266E-04  4.04923897E-07
  1.29000000E+00  1.22299277E-04  2.91646603E-07  1.29000000E+00  1.23086054E-04  3.41705123E-07  1.29000000E+00  1.23963117E-04  3.95810992E-07  1.29000000E+00  1.24801520E-04  2.87314191E-07
  1.30500000E+00  8.67593913E-05  2.08947752E-07  1.30500000E+00  8.71378747E-05  2.39368381E-07  1.30500000E+00  8.78543171E-05  3.01759662E-07  1.30500000E+00  8.83137086E-05  2.17906436E-07
  1.31900000E+00  6.07054984E-05  1.79570871E-07  1.31900000E+00  6.09936875E-05  1.61709653E-07  1.31900000E+00  6.14086696E-05  1.91423427E-07  1.31900000E+00  6.17475008E-05  1.51724923E-07
  1.33400000E+00  4.18855677E-05  1.12171148E-07  1.33400000E+00  4.20600786E-05  1.30175983E-07  1.33400000E+00  4.23818146E-05  1.49259696E-07  1.33400000E+00  4.26263461E-05  1.03541731E-07
  1.34800000E+00  2.84949194E-05  7.88260049E-08  1.34800000E+00  2.85562449E-05  9.07744456E-08  1.34800000E+00  2.88217717E-05  1.15908884E-07  1.34800000E+00  2.90549523E-05  8.06749535E-08
  1.36300000E+00  1.90066081E-05  6.37577844E-08  1.36300000E+00  1.92620665E-05  6.36571917E-08  1.36300000E+00  1.93623805E-05  7.11418403E-08  1.36300000E+00  1.93960698E-05  6.98036845E-08
  1.37700000E+00  1.26391131E-05  5.05291898E-08  1.37700000E+00  1.27157895E-05  5.23651280E-08  1.37700000E+00  1.27536604E-05  6.09101479E-08  1.37700000E+00  1.28248914E-05  3.87589951E-08
  1.39200000E+00  8.22116145E-06  3.76537908E-08  1.39200000E+00  8.31314183E-06  3.82216751E-08  1.39200000E+00  8.32811506E-06  4.84376509E-08  1.39200000E+00  8.33925229E-06  2.91385392E-08
  1.40600000E+00  5.28402771E-06  2.19295631E-08  1.40600000E+00  5.29319202E-06  2.79314103E-08  1.40600000E+00  5.32678213E-06  2.99250898E-08  1.40600000E+00  5.36612079E-06  3.43889859E-08
  1.42100000E+00  3.29183972E-06  2.03630183E-08  1.42100000E+00  3.29394729E-06  1.74177537E-08  1.42100000E+00  3.35279118E-06  2.06532669E-08  1.42100000E+00  3.34886856E-06  1.97830986E-08
  1.43500000E+00  2.00675525E-06  1.61465594E-08  1.43500000E+00  2.02020916E-06  1.38861547E-08  1.43500000E+00  2.03377202E-06  1.59291099E-08  1.43500000E+00  2.06430755E-06  1.35540574E-08
  1.45000000E+00  1.19186728E-06  1.09295972E-08  1.45000000E+00  1.21078000E-06  1.11060792E-08  1.45000000E+00  1.21689931E-06  1.21189757E-08  1.45000000E+00  1.23798344E-06  1.08060494E-08
  1.46400000E+00  6.96429900E-07  8.03631322E-09  1.46400000E+00  7.03680167E-07  7.19288166E-09  1.46400000E+00  7.23939823E-07  7.31518974E-09  1.46400000E+00  7.14049359E-07  8.23327790E-09
  1.47900000E+00  3.90896157E-07  5.96629945E-09  1.47900000E+00  3.89695246E-07  5.55683625E-09  1.47900000E+00  3.91730518E-07  5.69326893E-09  1.47900000E+00  3.97670968E-07  7.19673838E-09
  1.49300000E+00  2.09391243E-07  3.95572148E-09  1.49300000E+00  2.08283238E-07  4.51672374E-09  1.49300000E+00  2.13674666E-07  4.07058844E-09  1.49300000E+00  2.18945480E-07  4.90936651E-09
  1.50800000E+00  9.88977500E-08  2.49800566E-09  1.50800000E+00  1.03600328E-07  2.92001197E-09  1.50800000E+00  1.06815648E-07  3.26444543E-09  1.50800000E+00  1.09864171E-07  2.93481940E-09
  1.52200000E+00  4.76282949E-08  1.70181815E-09  1.52200000E+00  5.04993427E-08  1.69966603E-09  1.52200000E+00  5.45412876E-08  1.92986519E-09  1.52200000E+00  5.59928748E-08  2.25253684E-09
  1.53700000E+00  2.22347622E-08  1.23160714E-09  1.53700000E+00  2.42172506E-08  1.52223001E-09  1.53700000E+00  2.63622029E-08  1.50947150E-09  1.53700000E+00  2.44951653E-08  1.42227518E-09
  1.55100000E+00  9.77441300E-09  9.27609475E-10  1.55100000E+00  8.63830443E-09  8.16192030E-10  1.55100000E+00  1.02830399E-08  7.41095132E-10  1.55100000E+00  1.23761321E-08  1.06020090E-09
  1.56600000E+00  4.12815523E-09  5.04670477E-10  1.56600000E+00  5.22646085E-09  7.62434919E-10  1.56600000E+00  5.24150516E-09  5.81477208E-10  1.56600000E+00  5.03041341E-09  6.98950262E-10
  1.58000000E+00  1.24974170E-09  2.49525910E-10  1.58000000E+00  1.30598444E-09  2.52840951E-10  1.58000000E+00  2.35839475E-09  4.46680906E-10  1.58000000E+00  2.33067108E-09  4.27749958E-10
  1.59500000E+00  8.52821913E-10  2.28924591E-10  1.59500000E+00  4.02352760E-10  1.49058065E-10  1.59500000E+00  6.17237793E-10  2.01598826E-10  1.59500000E+00  1.05429899E-09  2.72081950E-10
  1.60900000E+00  1.62797606E-10  1.06212693E-10  1.60900000E+00  3.65858094E-10  1.27999187E-10  1.60900000E+00  1.81480062E-10  1.14782086E-10  1.60900000E+00  2.04242408E-10  9.37772391E-11
  1.62400000E+00  1.92258569E-10  1.19423178E-10  1.62400000E+00  3.58531797E-11  3.58042682E-11  1.62400000E+00  0.00000000E+00  0.00000000E+00  1.62400000E+00  1.84024472E-11  1.67557348E-11
  1.63800000E+00  0.00000000E+00  0.00000000E+00  1.63800000E+00  0.00000000E+00  0.00000000E+00  1.63800000E+00  0.00000000E+00  0.00000000E+00  1.63800000E+00  3.48224122E-11  3.48213541E-11
  1.65300000E+00  0.00000000E+00  0.00000000E+00  1.65300000E+00  0.00000000E+00  0.00000000E+00  1.65300000E+00  0.00000000E+00  0.00000000E+00  1.65300000E+00  0.00000000E+00  0.00000000E+00
  1.66700000E+00  0.00000000E+00  0.00000000E+00  1.66700000E+00  0.00000000E+00  0.00000000E+00  1.66700000E+00  0.00000000E+00  0.00000000E+00  1.66700000E+00  0.00000000E+00  0.00000000E+00
  1.68200000E+00  0.00000000E+00  0.00000000E+00  1.68200000E+00  0.00000000E+00  0.00000000E+00  1.68200000E+00  0.00000000E+00  0.00000000E+00  1.68200000E+00  0.00000000E+00  0.00000000E+00
  1.69600000E+00  0.00000000E+00  0.00000000E+00  1.69600000E+00  0.00000000E+00  0.00000000E+00  1.69600000E+00  0.00000000E+00  0.00000000E+00  1.69600000E+00  0.00000000E+00  0.00000000E+00
  1.71100000E+00  0.00000000E+00  0.00000000E+00  1.71100000E+00  0.00000000E+00  0.00000000E+00  1.71100000E+00  0.00000000E+00  0.00000000E+00  1.71100000E+00  0.00000000E+00  0.00000000E+00
  1.72500000E+00  0.00000000E+00  0.00000000E+00  1.72500000E+00  0.00000000E+00  0.00000000E+00  1.72500000E+00  0.00000000E+00  0.00000000E+00  1.72500000E+00  0.00000000E+00  0.00000000E+00
  1.74000000E+00  0.00000000E+00  0.00000000E+00  1.74000000E+00  0.00000000E+00  0.00000000E+00  1.74000000E+00  0.00000000E+00  0.00000000E+00  1.74000000E+00  0.00000000E+00  0.00000000E+00
  1.75400000E+00  0.00000000E+00  0.00000000E+00  1.75400000E+00  0.00000000E+00  0.00000000E+00  1.75400000E+00  0.00000000E+00  0.00000000E+00  1.75400000E+00  0.00000000E+00  0.00000000E+00
  1.76900000E+00  0.00000000E+00  0.00000000E+00  1.76900000E+00  0.00000000E+00  0.00000000E+00  1.76900000E+00  0.00000000E+00  0.00000000E+00  1.76900000E+00  0.00000000E+00  0.00000000E+00
  1.78300000E+00  0.00000000E+00  0.00000000E+00  1.78300000E+00  0.00000000E+00  0.00000000E+00  1.78300000E+00  0.00000000E+00  0.00000000E+00  1.78300000E+00  0.00000000E+00  0.00000000E+00
  1.79800000E+00  0.00000000E+00  0.00000000E+00  1.79800000E+00  0.00000000E+00  0.00000000E+00  1.79800000E+00  0.00000000E+00  0.00000000E+00  1.79800000E+00  0.00000000E+00  0.00000000E+00
  1.81200000E+00  0.00000000E+00  0.00000000E+00  1.81200000E+00  0.00000000E+00  0.00000000E+00  1.81200000E+00  0.00000000E+00  0.00000000E+00  1.81200000E+00  0.00000000E+00  0.00000000E+00
  1.82700000E+00  0.00000000E+00  0.00000000E+00  1.82700000E+00  0.00000000E+00  0.00000000E+00  1.82700000E+00  0.00000000E+00  0.00000000E+00  1.82700000E+00  0.00000000E+00  0.00000000E+00
  1.84100000E+00  0.00000000E+00  0.00000000E+00  1.84100000E+00  0.00000000E+00  0.00000000E+00  1.84100000E+00  0.00000000E+00  0.00000000E+00  1.84100000E+00  0.00000000E+00  0.00000000E+00
  1.85600000E+00  0.00000000E+00  0.00000000E+00  1.85600000E+00  0.00000000E+00  0.00000000E+00  1.85600000E+00  0.00000000E+00  0.00000000E+00  1.85600000E+00  0.00000000E+00  0.00000000E+00
  1.87000000E+00  0.00000000E+00  0.00000000E+00  1.87000000E+00  0.00000000E+00  0.00000000E+00  1.87000000E+00  0.00000000E+00  0.00000000E+00  1.87000000E+00  0.00000000E+00  0.00000000E+00
  1.88500000E+00  0.00000000E+00  0.00000000E+00  1.88500000E+00  0.00000000E+00  0.00000000E+00  1.88500000E+00  0.00000000E+00  0.00000000E+00  1.88500000E+00  0.00000000E+00  0.00000000E+00
  1.89900000E+00  0.00000000E+00  0.00000000E+00  1.89900000E+00  0.00000000E+00  0.00000000E+00  1.89900000E+00  0.00000000E+00  0.00000000E+00  1.89900000E+00  0.00000000E+00  0.00000000E+00
  1.91400000E+00  0.00000000E+00  0.00000000E+00  1.91400000E+00  0.00000000E+00  0.00000000E+00  1.91400000E+00  0.00000000E+00  0.00000000E+00  1.91400000E+00  0.00000000E+00  0.00000000E+00
  1.92800000E+00  0.00000000E+00  0.00000000E+00  1.92800000E+00  0.00000000E+00  0.00000000E+00  1.92800000E+00  0.00000000E+00  0.00000000E+00  1.92800000E+00  0.00000000E+00  0.00000000E+00
  1.94300000E+00  0.00000000E+00  0.00000000E+00  1.94300000E+00  0.00000000E+00  0.00000000E+00  1.94300000E+00  0.00000000E+00  0.00000000E+00  1.94300000E+00  0.00000000E+00  0.00000000E+00
  1.95700000E+00  0.00000000E+00  0.00000000E+00  1.95700000E+00  0.00000000E+00  0.00000000E+00  1.95700000E+00  0.00000000E+00  0.00000000E+00  1.95700000E+00  0.00000000E+00  0.00000000E+00
  1.97200000E+00  0.00000000E+00  0.00000000E+00  1.97200000E+00  0.00000000E+00  0.00000000E+00  1.97200000E+00  0.00000000E+00  0.00000000E+00  1.97200000E+00  0.00000000E+00  0.00000000E+00
  1.98600000E+00  0.00000000E+00  0.00000000E+00  1.98600000E+00  0.00000000E+00  0.00000000E+00  1.98600000E+00  0.00000000E+00  0.00000000E+00  1.98600000E+00  0.00000000E+00  0.00000000E+00
  2.00100000E+00  0.00000000E+00  0.00000000E+00  2.00100000E+00  0.00000000E+00  0.00000000E+00  2.00100000E+00  0.00000000E+00  0.00000000E+00  2.00100000E+00  0.00000000E+00  0.00000000E+00
  2.01500000E+00  0.00000000E+00  0.00000000E+00  2.01500000E+00  0.00000000E+00  0.00000000E+00  2.01500000E+00  0.00000000E+00  0.00000000E+00  2.01500000E+00  0.00000000E+00  0.00000000E+00
  2.03000000E+00  0.00000000E+00  0.00000000E+00  2.03000000E+00  0.00000000E+00  0.00000000E+00  2.03000000E+00  0.00000000E+00  0.00000000E+00  2.03000000E+00  0.00000000E+00  0.00000000E+00
  2.04400000E+00  0.00000000E+00  0.00000000E+00  2.04400000E+00  0.00000000E+00  0.00000000E+00  2.04400000E+00  0.00000000E+00  0.00000000E+00  2.04400000E+00  0.00000000E+00  0.00000000E+00
  2.05900000E+00  0.00000000E+00  0.00000000E+00  2.05900000E+00  0.00000000E+00  0.00000000E+00  2.05900000E+00  0.00000000E+00  0.00000000E+00  2.05900000E+00  0.00000000E+00  0.00000000E+00
  2.07300000E+00  0.00000000E+00  0.00000000E+00  2.07300000E+00  0.00000000E+00  0.00000000E+00  2.07300000E+00  0.00000000E+00  0.00000000E+00  2.07300000E+00  0.00000000E+00  0.00000000E+00
  2.08800000E+00  0.00000000E+00  0.00000000E+00  2.08800000E+00  0.00000000E+00  0.00000000E+00  2.08800000E+00  0.00000000E+00  0.00000000E+00  2.08800000E+00  0.00000000E+00  0.00000000E+00
  2.10300000E+00  0.00000000E+00  0.00000000E+00  2.10300000E+00  0.00000000E+00  0.00000000E+00  2.10300000E+00  0.00000000E+00  0.00000000E+00  2.10300000E+00  0.00000000E+00  0.00000000E+00
  2.11700000E+00  0.00000000E+00  0.00000000E+00  2.11700000E+00  0.00000000E+00  0.00000000E+00  2.11700000E+00  0.00000000E+00  0.00000000E+00  2.11700000E+00  0.00000000E+00  0.00000000E+00
  2.13100000E+00  0.00000000E+00  0.00000000E+00  2.13100000E+00  0.00000000E+00  0.00000000E+00  2.13100000E+00  0.00000000E+00  0.00000000E+00  2.13100000E+00  0.00000000E+00  0.00000000E+00
  2.14600000E+00  0.00000000E+00  0.00000000E+00  2.14600000E+00  0.00000000E+00  0.00000000E+00  2.14600000E+00  0.00000000E+00  0.00000000E+00  2.14600000E+00  0.00000000E+00  0.00000000E+00
  2.16000000E+00  0.00000000E+00  0.00000000E+00  2.16000000E+00  0.00000000E+00  0.00000000E+00  2.16000000E+00  0.00000000E+00  0.00000000E+00  2.16000000E+00  0.00000000E+00  0.00000000E+00
  2.17500000E+00  0.00000000E+00  0.00000000E+00  2.17500000E+00  0.00000000E+00  0.00000000E+00  2.17500000E+00  0.00000000E+00  0.00000000E+00  2.17500000E+00  0.00000000E+00  0.00000000E+00
  2.18900000E+00  0.00000000E+00  0.00000000E+00  2.18900000E+00  0.00000000E+00  0.00000000E+00  2.18900000E+00  0.00000000E+00  0.00000000E+00  2.18900000E+00  0.00000000E+00  0.00000000E+00
  2.20400000E+00  0.00000000E+00  0.00000000E+00  2.20400000E+00  0.00000000E+00  0.00000000E+00  2.20400000E+00  0.00000000E+00  0.00000000E+00  2.20400000E+00  0.00000000E+00  0.00000000E+00
  2.21800000E+00  0.00000000E+00  0.00000000E+00  2.21800000E+00  0.00000000E+00  0.00000000E+00  2.21800000E+00  0.00000000E+00  0.00000000E+00  2.21800000E+00  0.00000000E+00  0.00000000E+00
  2.23300000E+00  0.00000000E+00  0.00000000E+00  2.23300000E+00  0.00000000E+00  0.00000000E+00  2.23300000E+00  0.00000000E+00  0.00000000E+00  2.23300000E+00  0.00000000E+00  0.00000000E+00
  2.24800000E+00  0.00000000E+00  0.00000000E+00  2.24800000E+00  0.00000000E+00  0.00000000E+00  2.24800000E+00  0.00000000E+00  0.00000000E+00  2.24800000E+00  0.00000000E+00  0.00000000E+00
  2.26200000E+00  0.00000000E+00  0.00000000E+00  2.26200000E+00  0.00000000E+00  0.00000000E+00  2.26200000E+00  0.00000000E+00  0.00000000E+00  2.26200000E+00  0.00000000E+00  0.00000000E+00
  2.27600000E+00  0.00000000E+00  0.00000000E+00  2.27600000E+00  0.00000000E+00  0.00000000E+00  2.27600000E+00  0.00000000E+00  0.00000000E+00  2.27600000E+00  0.00000000E+00  0.00000000E+00
  2.29100000E+00  0.00000000E+00  0.00000000E+00  2.29100000E+00  0.00000000E+00  0.00000000E+00  2.29100000E+00  0.00000000E+00  0.00000000E+00  2.29100000E+00  0.00000000E+00  0.00000000E+00
  2.30500000E+00  0.00000000E+00  0.00000000E+00  2.30500000E+00  0.00000000E+00  0.00000000E+00  2.30500000E+00  0.00000000E+00  0.00000000E+00  2.30500000E+00  0.00000000E+00  0.00000000E+00
  2.32000000E+00  0.00000000E+00  0.00000000E+00  2.32000000E+00  0.00000000E+00  0.00000000E+00  2.32000000E+00  0.00000000E+00  0.00000000E+00  2.32000000E+00  0.00000000E+00  0.00000000E+00
  2.33400000E+00  0.00000000E+00  0.00000000E+00  2.33400000E+00  0.00000000E+00  0.00000000E+00  2.33400000E+00  0.00000000E+00  0.00000000E+00  2.33400000E+00  0.00000000E+00  0.00000000E+00
  2.34900000E+00  0.00000000E+00  0.00000000E+00  2.34900000E+00  0.00000000E+00  0.00000000E+00  2.34900000E+00  0.00000000E+00  0.00000000E+00  2.34900000E+00  0.00000000E+00  0.00000000E+00
  2.36300000E+00  0.00000000E+00  0.00000000E+00  2.36300000E+00  0.00000000E+00  0.00000000E+00  2.36300000E+00  0.00000000E+00  0.00000000E+00  2.36300000E+00  0.00000000E+00  0.00000000E+00
  2.37800000E+00  0.00000000E+00  0.00000000E+00  2.37800000E+00  0.00000000E+00  0.00000000E+00  2.37800000E+00  0.00000000E+00  0.00000000E+00  2.37800000E+00  0.00000000E+00  0.00000000E+00
  2.39200000E+00  0.00000000E+00  0.00000000E+00  2.39200000E+00  0.00000000E+00  0.00000000E+00  2.39200000E+00  0.00000000E+00  0.00000000E+00  2.39200000E+00  0.00000000E+00  0.00000000E+00
  2.40700000E+00  0.00000000E+00  0.00000000E+00  2.40700000E+00  0.00000000E+00  0.00000000E+00  2.40700000E+00  0.00000000E+00  0.00000000E+00  2.40700000E+00  0.00000000E+00  0.00000000E+00
  2.42100000E+00  0.00000000E+00  0.00000000E+00  2.42100000E+00  0.00000000E+00  0.00000000E+00  2.42100000E+00  0.00000000E+00  0.00000000E+00  2.42100000E+00  0.00000000E+00  0.00000000E+00
  2.43600000E+00  0.00000000E+00  0.00000000E+00  2.43600000E+00  0.00000000E+00  0.00000000E+00  2.43600000E+00  0.00000000E+00  0.00000000E+00  2.43600000E+00  0.00000000E+00  0.00000000E+00
  2.45000000E+00  0.00000000E+00  0.00000000E+00  2.45000000E+00  0.00000000E+00  0.00000000E+00  2.45000000E+00  0.00000000E+00  0.00000000E+00  2.45000000E+00  0.00000000E+00  0.00000000E+00
  2.46500000E+00  0.00000000E+00  0.00000000E+00  2.46500000E+00  0.00000000E+00  0.00000000E+00  2.46500000E+00  0.00000000E+00  0.00000000E+00  2.46500000E+00  0.00000000E+00  0.00000000E+00
  2.47900000E+00  0.00000000E+00  0.00000000E+00  2.47900000E+00  0.00000000E+00  0.00000000E+00  2.47900000E+00  0.00000000E+00  0.00000000E+00  2.47900000E+00  0.00000000E+00  0.00000000E+00
  2.49400000E+00  0.00000000E+00  0.00000000E+00  2.49400000E+00  0.00000000E+00  0.00000000E+00  2.49400000E+00  0.00000000E+00  0.00000000E+00  2.49400000E+00  0.00000000E+00  0.00000000E+00
  2.50800000E+00  0.00000000E+00  0.00000000E+00  2.50800000E+00  0.00000000E+00  0.00000000E+00  2.50800000E+00  0.00000000E+00  0.00000000E+00  2.50800000E+00  0.00000000E+00  0.00000000E+00
  2.52300000E+00  0.00000000E+00  0.00000000E+00  2.52300000E+00  0.00000000E+00  0.00000000E+00  2.52300000E+00  0.00000000E+00  0.00000000E+00  2.52300000E+00  0.00000000E+00  0.00000000E+00
  2.53700000E+00  0.00000000E+00  0.00000000E+00  2.53700000E+00  0.00000000E+00  0.00000000E+00  2.53700000E+00  0.00000000E+00  0.00000000E+00  2.53700000E+00  0.00000000E+00  0.00000000E+00
  2.55200000E+00  0.00000000E+00  0.00000000E+00  2.55200000E+00  0.00000000E+00  0.00000000E+00  2.55200000E+00  0.00000000E+00  0.00000000E+00  2.55200000E+00  0.00000000E+00  0.00000000E+00
  2.56700000E+00  0.00000000E+00  0.00000000E+00  2.56700000E+00  0.00000000E+00  0.00000000E+00  2.56700000E+00  0.00000000E+00  0.00000000E+00  2.56700000E+00  0.00000000E+00  0.00000000E+00
  2.58100000E+00  0.00000000E+00  0.00000000E+00  2.58100000E+00  0.00000000E+00  0.00000000E+00  2.58100000E+00  0.00000000E+00  0.00000000E+00  2.58100000E+00  0.00000000E+00  0.00000000E+00
  2.59500000E+00  0.00000000E+00  0.00000000E+00  2.59500000E+00  0.00000000E+00  0.00000000E+00  2.59500000E+00  0.00000000E+00  0.00000000E+00  2.59500000E+00  0.00000000E+00  0.00000000E+00
  2.61000000E+00  0.00000000E+00  0.00000000E+00  2.61000000E+00  0.00000000E+00  0.00000000E+00  2.61000000E+00  0.00000000E+00  0.00000000E+00  2.61000000E+00  0.00000000E+00  0.00000000E+00
  2.62400000E+00  0.00000000E+00  0.00000000E+00  2.62400000E+00  0.00000000E+00  0.00000000E+00  2.62400000E+00  0.00000000E+00  0.00000000E+00  2.62400000E+00  0.00000000E+00  0.00000000E+00
  2.63900000E+00  0.00000000E+00  0.00000000E+00  2.63900000E+00  0.00000000E+00  0.00000000E+00  2.63900000E+00  0.00000000E+00  0.00000000E+00  2.63900000E+00  0.00000000E+00  0.00000000E+00
  2.65300000E+00  0.00000000E+00  0.00000000E+00  2.65300000E+00  0.00000000E+00  0.00000000E+00  2.65300000E+00  0.00000000E+00  0.00000000E+00  2.65300000E+00  0.00000000E+00  0.00000000E+00
  2.66800000E+00  0.00000000E+00  0.00000000E+00  2.66800000E+00  0.00000000E+00  0.00000000E+00  2.66800000E+00  0.00000000E+00  0.00000000E+00  2.66800000E+00  0.00000000E+00  0.00000000E+00
  2.68200000E+00  0.00000000E+00  0.00000000E+00  2.68200000E+00  0.00000000E+00  0.00000000E+00  2.68200000E+00  0.00000000E+00  0.00000000E+00  2.68200000E+00  0.00000000E+00  0.00000000E+00
  2.69700000E+00  0.00000000E+00  0.00000000E+00  2.69700000E+00  0.00000000E+00  0.00000000E+00  2.69700000E+00  0.00000000E+00  0.00000000E+00  2.69700000E+00  0.00000000E+00  0.00000000E+00
  2.71200000E+00  0.00000000E+00  0.00000000E+00  2.71200000E+00  0.00000000E+00  0.00000000E+00  2.71200000E+00  0.00000000E+00  0.00000000E+00  2.71200000E+00  0.00000000E+00  0.00000000E+00
  2.72600000E+00  0.00000000E+00  0.00000000E+00  2.72600000E+00  0.00000000E+00  0.00000000E+00  2.72600000E+00  0.00000000E+00  0.00000000E+00  2.72600000E+00  0.00000000E+00  0.00000000E+00
  2.74000000E+00  0.00000000E+00  0.00000000E+00  2.74000000E+00  0.00000000E+00  0.00000000E+00  2.74000000E+00  0.00000000E+00  0.00000000E+00  2.74000000E+00  0.00000000E+00  0.00000000E+00
  2.75500000E+00  0.00000000E+00  0.00000000E+00  2.75500000E+00  0.00000000E+00  0.00000000E+00  2.75500000E+00  0.00000000E+00  0.00000000E+00  2.75500000E+00  0.00000000E+00  0.00000000E+00
  2.76900000E+00  0.00000000E+00  0.00000000E+00  2.76900000E+00  0.00000000E+00  0.00000000E+00  2.76900000E+00  0.00000000E+00  0.00000000E+00  2.76900000E+00  0.00000000E+00  0.00000000E+00
  2.78400000E+00  0.00000000E+00  0.00000000E+00  2.78400000E+00  0.00000000E+00  0.00000000E+00  2.78400000E+00  0.00000000E+00  0.00000000E+00  2.78400000E+00  0.00000000E+00  0.00000000E+00
  2.79800000E+00  0.00000000E+00  0.00000000E+00  2.79800000E+00  0.00000000E+00  0.00000000E+00  2.79800000E+00  0.00000000E+00  0.00000000E+00  2.79800000E+00  0.00000000E+00  0.00000000E+00
  2.81300000E+00  0.00000000E+00  0.00000000E+00  2.81300000E+00  0.00000000E+00  0.00000000E+00  2.81300000E+00  0.00000000E+00  0.00000000E+00  2.81300000E+00  0.00000000E+00  0.00000000E+00
  2.82700000E+00  0.00000000E+00  0.00000000E+00  2.82700000E+00  0.00000000E+00  0.00000000E+00  2.82700000E+00  0.00000000E+00  0.00000000E+00  2.82700000E+00  0.00000000E+00  0.00000000E+00
  2.84200000E+00  0.00000000E+00  0.00000000E+00  2.84200000E+00  0.00000000E+00  0.00000000E+00  2.84200000E+00  0.00000000E+00  0.00000000E+00  2.84200000E+00  0.00000000E+00  0.00000000E+00
  2.85600000E+00  0.00000000E+00  0.00000000E+00  2.85600000E+00  0.00000000E+00  0.00000000E+00  2.85600000E+00  0.00000000E+00  0.00000000E+00  2.85600000E+00  0.00000000E+00  0.00000000E+00
  2.87100000E+00  0.00000000E+00  0.00000000E+00  2.87100000E+00  0.00000000E+00  0.00000000E+00  2.87100000E+00  0.00000000E+00  0.00000000E+00  2.87100000E+00  0.00000000E+00  0.00000000E+00
  2.88500000E+00  0.00000000E+00  0.00000000E+00  2.88500000E+00  0.00000000E+00  0.00000000E+00  2.88500000E+00  0.00000000E+00  0.00000000E+00  2.88500000E+00  0.00000000E+00  0.00000000E+00
